Un
part
1
coordinates
2.102303E-01
5.898010E-01
1.965479E-01
6.607210E-01
5.932701E-01
2.068695E-01
6.287941E-01
7.146260E-01
5.139983E-01
1.471617E-01
6.408127E-01
7.559746E-01
7.488716E-01
4.598840E-01
9.571400E-02
6.162137E-01
7.969590E-01
8.517912E-01
7.622249E-01
4.025913E-01
1.051709E-01
6.053216E-01
8.297239E-01
9.102940E-01
8.932977E-01
7.023717E-01
3.406878E-01
7.321546E-02
6.122040E-01
7.998091E-01
9.112732E-01
9.420845E-01
8.446700E-01
6.014327E-01
2.808074E-01
4.279516E-02
5.819918E-01
7.423234E-01
8.547444E-01
9.248672E-01
9.199114E-01
7.684595E-01
5.067095E-01
2.138691E-01
3.446946E-02
5.774312E-01
6.566257E-01
7.523499E-01
8.409635E-01
8.768049E-01
8.079161E-01
6.176080E-01
3.550745E-01
1.384154E-01
2.259066E-02
5.619817E-01
5.803430E-01
6.187415E-01
7.136008E-01
8.146487E-01
8.079109E-01
6.914101E-01
4.970799E-01
2.626379E-01
9.758821E-02
1.554957E-02
5.461074E-01
4.942437E-01
4.708573E-01
5.619040E-01
6.614036E-01
7.024331E-01
6.951098E-01
5.378134E-01
3.476502E-01
1.703171E-01
6.696337E-02
1.332315E-02
5.001788E-01
3.731220E-01
3.598727E-01
4.131172E-01
4.977161E-01
5.689758E-01
5.752853E-01
5.401098E-01
3.856605E-01
2.412496E-01
1.051544E-01
3.737271E-02
9.570442E-03
4.506747E-01
3.150838E-01
2.446654E-01
2.689668E-01
3.646635E-01
4.241374E-01
4.638820E-01
4.691287E-01
3.986621E-01
2.528226E-01
1.404151E-01
5.643519E-02
2.200690E-02
8.481096E-03
4.308897E-01
2.067750E-01
1.696047E-01
1.907532E-01
2.592369E-01
2.956656E-01
3.445546E-01
3.653821E-01
3.555574E-01
2.635811E-01
1.631325E-01
7.333469E-02
2.900609E-02
1.193275E-02
6.045695E-03
4.189774E-01
1.369711E-01
9.704092E-02
1.125767E-01
1.413552E-01
2.056374E-01
2.508836E-01
2.868324E-01
3.006946E-01
2.367690E-01
1.532935E-01
9.095373E-02
4.116106E-02
1.654460E-02
6.910367E-03
1.863749E-03
9.705298E-02
7.002968E-02
7.071112E-02
9.406057E-02
1.469907E-01
1.617882E-01
1.785099E-01
2.430183E-01
2.000715E-01
1.460526E-01
9.200515E-02
4.578809E-02
2.073868E-02
6.674189E-03
1.936709E-03
3.830194E-02
3.923278E-02
5.581200E-02
7.964048E-02
1.052289E-01
1.214224E-01
1.387824E-01
1.455480E-01
1.185886E-01
7.715573E-02
4.396216E-02
1.888613E-02
6.749710E-03
1.860543E-03
2.131031E-02
3.203951E-02
4.519466E-02
6.273171E-02
8.427595E-02
9.057819E-02
1.002634E-01
8.854040E-02
6.916790E-02
3.926142E-02
1.779874E-02
6.196031E-03
1.740780E-03
1.542161E-02
2.628679E-02
3.557313E-02
4.957400E-02
6.188671E-02
6.187961E-02
6.346609E-02
4.933067E-02
3.666339E-02
1.922254E-02
6.552461E-03
1.202801E-03
1.183069E-02
2.086574E-02
2.917227E-02
3.754595E-02
3.893926E-02
4.129699E-02
3.504410E-02
2.358519E-02
1.278861E-02
6.118069E-03
1.250140E-03
9.479666E-03
1.682417E-02
2.190120E-02
2.737336E-02
2.677468E-02
2.573922E-02
1.931125E-02
1.129902E-02
4.120609E-03
1.048293E-03
8.657774E-03
1.359865E-02
1.632418E-02
1.582503E-02
1.433545E-02
1.230585E-02
7.764896E-03
3.096412E-03
6.886465E-04
7.518202E-03
1.148767E-02
1.051566E-02
1.066503E-02
8.108309E-03
5.971475E-03
2.437270E-03
5.347783E-04
7.011924E-03
8.722695E-03
6.704652E-03
5.249613E-03
3.797199E-03
1.866482E-03
4.053609E-04
6.595230E-03
5.846283E-03
4.479161E-03
2.573128E-03
1.437531E-03
3.485899E-04
5.766394E-03
4.415627E-03
2.060966E-03
1.116087E-03
3.488869E-04
4.916658E-03
2.781731E-03
1.229020E-03
3.468544E-04
4.580190E-03
1.637498E-03
4.976514E-04
3.899572E-03
1.000574E-03
3.907238E-03
2.102303E-01
2.033891E-01
2.017087E-01
1.770156E-01
1.214379E-01
1.004424E-01
8.919317E-02
5.800531E-02
3.863231E-02
2.853006E-02
1.907012E-02
1.443636E-02
1.144679E-02
9.025769E-03
7.263396E-03
3.954722E-03
1.863749E-03
4.000157E-01
3.974623E-01
3.776715E-01
3.319784E-01
2.763378E-01
2.360410E-01
1.999704E-01
1.526718E-01
1.073873E-01
7.326592E-02
5.067295E-02
3.330220E-02
2.056830E-02
1.299780E-02
8.342476E-03
4.189130E-03
1.900229E-03
6.252610E-01
6.396045E-01
6.426915E-01
6.212447E-01
5.817680E-01
5.117709E-01
4.324093E-01
3.391151E-01
2.424992E-01
1.672396E-01
1.100058E-01
6.648143E-02
3.620522E-02
1.987258E-02
1.051547E-02
4.345452E-03
1.898626E-03
6.447576E-01
6.900289E-01
7.678158E-01
8.140463E-01
8.006411E-01
7.292335E-01
6.235524E-01
4.941180E-01
3.656106E-01
2.554637E-01
1.642841E-01
9.383484E-02
4.998426E-02
2.686261E-02
1.267679E-02
4.256306E-03
1.800661E-03
6.348034E-01
7.056351E-01
8.287547E-01
8.993668E-01
8.999909E-01
8.352392E-01
7.213484E-01
5.859779E-01
4.420510E-01
3.068457E-01
1.994050E-01
1.169590E-01
6.280939E-02
3.164349E-02
1.314264E-02
3.972331E-03
1.471791E-03
6.285132E-01
7.209273E-01
8.620625E-01
9.221297E-01
9.159170E-01
8.531358E-01
7.505867E-01
6.161108E-01
4.655615E-01
3.251816E-01
2.082074E-01
1.248462E-01
6.817728E-02
3.160878E-02
1.235834E-02
3.800358E-03
1.226471E-03
6.107677E-01
7.127671E-01
8.488876E-01
8.829621E-01
8.643211E-01
8.004494E-01
6.951848E-01
5.699084E-01
4.408645E-01
3.136424E-01
1.999241E-01
1.171268E-01
6.309611E-02
3.006122E-02
1.242295E-02
3.742241E-03
1.149217E-03
6.087628E-01
6.899145E-01
7.873067E-01
7.904146E-01
7.576541E-01
6.868653E-01
5.776441E-01
4.684195E-01
3.726907E-01
2.732731E-01
1.753704E-01
1.027412E-01
5.556211E-02
2.698399E-02
1.056246E-02
2.993905E-03
8.684698E-04
5.970979E-01
6.482862E-01
6.925101E-01
6.616490E-01
6.086561E-01
5.380582E-01
4.503874E-01
3.651628E-01
2.989819E-01
2.223331E-01
1.381871E-01
8.140690E-02
4.468679E-02
2.108405E-02
7.826161E-03
2.110111E-03
6.117124E-04
5.797115E-01
5.990979E-01
5.816419E-01
5.161550E-01
4.593502E-01
3.955456E-01
3.288103E-01
2.651951E-01
2.117857E-01
1.569030E-01
9.945448E-02
5.909531E-02
3.181780E-02
1.549009E-02
6.149399E-03
1.618455E-03
4.700696E-04
5.697064E-01
5.534999E-01
4.763292E-01
3.782035E-01
3.264961E-01
2.813009E-01
2.284937E-01
1.781510E-01
1.323232E-01
9.787590E-02
6.672653E-02
4.138660E-02
2.310010E-02
1.133837E-02
4.510031E-03
1.264426E-03
3.769754E-04
5.540446E-01
4.938637E-01
3.679759E-01
2.660645E-01
2.150780E-01
1.883051E-01
1.549113E-01
1.181789E-01
8.954081E-02
6.332094E-02
4.222264E-02
2.703659E-02
1.512221E-02
7.545708E-03
3.268172E-03
1.000373E-03
3.487384E-04
5.231431E-01
4.336230E-01
2.756190E-01
1.794000E-01
1.346864E-01
1.155117E-01
9.864795E-02
7.545264E-02
5.832065E-02
4.143632E-02
2.722808E-02
1.690005E-02
9.589602E-03
4.932062E-03
2.230986E-03
8.123399E-04
3.478707E-04
4.754268E-01
3.681781E-01
1.971261E-01
1.124833E-01
8.329010E-02
6.867693E-02
5.578499E-02
4.426278E-02
3.454836E-02
2.578617E-02
1.750956E-02
1.092759E-02
6.774614E-03
3.590717E-03
1.744800E-03
7.974033E-04
4.222529E-04
4.407822E-01
3.063276E-01
1.277042E-01
6.925362E-02
4.944885E-02
3.983324E-02
3.198008E-02
2.560883E-02
2.037407E-02
1.582793E-02
1.176255E-02
7.947322E-03
5.361431E-03
3.434371E-03
1.927304E-03
1.091186E-03
7.491129E-04
4.249335E-01
2.709728E-01
8.558892E-02
4.221868E-02
2.700105E-02
2.139465E-02
1.711572E-02
1.395684E-02
1.164970E-02
9.904112E-03
8.454380E-03
6.732651E-03
5.236240E-03
4.173551E-03
3.224748E-03
2.611220E-03
2.453906E-03
4.189774E-01
2.580152E-01
6.767746E-02
2.980612E-02
1.836596E-02
1.362615E-02
1.065518E-02
9.068720E-03
8.087988E-03
7.265063E-03
6.803577E-03
6.180812E-03
5.341526E-03
4.748424E-03
4.239881E-03
3.903405E-03
3.907238E-03
