Un
part
1
coordinates
4.703448E-01
2.213322E-01
4.789094E-01
1.289149E-01
2.135740E-01
4.647822E-01
9.924362E-02
1.187843E-01
2.455887E-01
4.974223E-01
6.669035E-02
6.094582E-02
9.899364E-02
2.634720E-01
5.331817E-01
5.777723E-02
3.684216E-02
4.409383E-02
8.438027E-02
2.875473E-01
5.197940E-01
4.376289E-02
1.927934E-02
2.774412E-02
4.910431E-02
1.035762E-01
3.097151E-01
5.473100E-01
3.309667E-02
1.370006E-02
2.377078E-02
4.096854E-02
7.399245E-02
1.441159E-01
3.501145E-01
5.772197E-01
3.104315E-02
1.117577E-02
1.862190E-02
3.740157E-02
6.047739E-02
1.032770E-01
1.908455E-01
4.124239E-01
5.978627E-01
2.354427E-02
9.283033E-03
1.623573E-02
3.295958E-02
6.244342E-02
1.006347E-01
1.621293E-01
2.835935E-01
4.980848E-01
6.090180E-01
1.877134E-02
7.600917E-03
1.249044E-02
2.771879E-02
5.193997E-02
8.957414E-02
1.440867E-01
2.249443E-01
3.739350E-01
5.674207E-01
6.144501E-01
1.851013E-02
6.249495E-03
1.020830E-02
2.546527E-02
4.722571E-02
8.752581E-02
1.304237E-01
2.161820E-01
3.314327E-01
4.965461E-01
6.389520E-01
6.280793E-01
1.602515E-02
4.697149E-03
7.840815E-03
2.177395E-02
4.379098E-02
8.332881E-02
1.525975E-01
2.066227E-01
3.285921E-01
4.481157E-01
6.287642E-01
6.911458E-01
6.060437E-01
1.269987E-02
4.103595E-03
5.822165E-03
1.496379E-02
3.846836E-02
8.315547E-02
1.476930E-01
2.253574E-01
3.101299E-01
4.758231E-01
6.184253E-01
7.324613E-01
6.915035E-01
5.895886E-01
1.311533E-02
3.280344E-03
4.564058E-03
1.250812E-02
3.494890E-02
6.960450E-02
1.548513E-01
2.442055E-01
3.299821E-01
4.583430E-01
6.126948E-01
7.606427E-01
7.771325E-01
6.397677E-01
4.917464E-01
1.226642E-02
2.761528E-03
2.745016E-03
7.771881E-03
2.374603E-02
5.751219E-02
1.434898E-01
2.509971E-01
3.097468E-01
4.747778E-01
6.475267E-01
7.665158E-01
8.272746E-01
7.222125E-01
5.172229E-01
1.912134E-01
2.408999E-03
2.210044E-03
4.354100E-03
1.413125E-02
4.867253E-02
1.116685E-01
2.388473E-01
3.218505E-01
4.808578E-01
6.474302E-01
7.816095E-01
8.646917E-01
8.065172E-01
5.058064E-01
1.978083E-01
1.655252E-03
2.596255E-03
8.952530E-03
2.905605E-02
6.399295E-02
1.687141E-01
3.329147E-01
4.758744E-01
6.480153E-01
7.964007E-01
8.742018E-01
8.178049E-01
5.332688E-01
1.935727E-01
1.410224E-03
3.449947E-03
1.541632E-02
4.649866E-02
1.095804E-01
2.411754E-01
4.134418E-01
6.068833E-01
7.456137E-01
8.440358E-01
8.062353E-01
5.033463E-01
1.891568E-01
1.355688E-03
5.292397E-03
2.354818E-02
6.815483E-02
1.668219E-01
3.132362E-01
5.077241E-01
6.780200E-01
8.068836E-01
7.960209E-01
5.273041E-01
1.475857E-01
1.363013E-03
7.522489E-03
3.314060E-02
9.409051E-02
2.007029E-01
3.730403E-01
5.519104E-01
6.999439E-01
6.808812E-01
5.117748E-01
1.611896E-01
1.576873E-03
9.517899E-03
4.177970E-02
1.300503E-01
2.710820E-01
4.450777E-01
5.872501E-01
6.078920E-01
3.972437E-01
1.396309E-01
1.998974E-03
1.278025E-02
5.664898E-02
1.356982E-01
2.775691E-01
3.896992E-01
4.735719E-01
3.288231E-01
9.758959E-02
2.136569E-03
1.685351E-02
5.158738E-02
1.446975E-01
2.415036E-01
3.182736E-01
2.582567E-01
7.985537E-02
3.004396E-03
1.734359E-02
5.253868E-02
1.265383E-01
1.857171E-01
1.727014E-01
5.875743E-02
3.266321E-03
1.477264E-02
5.527674E-02
8.181996E-02
1.056312E-01
4.070540E-02
3.217812E-03
1.403221E-02
3.984040E-02
5.649008E-02
3.055026E-02
3.327449E-03
1.415158E-02
2.261409E-02
2.056132E-02
3.288482E-03
1.122413E-02
1.459827E-02
3.030485E-03
8.952581E-03
2.925376E-03
4.703448E-01
4.746271E-01
4.718458E-01
4.811023E-01
5.153020E-01
5.264879E-01
5.335520E-01
5.622648E-01
5.875412E-01
6.034403E-01
6.117341E-01
6.212647E-01
6.170615E-01
5.978161E-01
5.406675E-01
3.414799E-01
1.912134E-01
3.458385E-01
3.460401E-01
3.507136E-01
3.678163E-01
3.954058E-01
4.125595E-01
4.317334E-01
4.717670E-01
5.213978E-01
5.680965E-01
6.074602E-01
6.431568E-01
6.541931E-01
6.317259E-01
5.595814E-01
3.494977E-01
1.945108E-01
1.751236E-01
1.706513E-01
1.692351E-01
1.731087E-01
1.847439E-01
2.112386E-01
2.486977E-01
3.092443E-01
3.920093E-01
4.839966E-01
5.829207E-01
6.728308E-01
7.230608E-01
7.076540E-01
5.962524E-01
3.536026E-01
1.956905E-01
1.140793E-01
1.019722E-01
8.070439E-02
6.914301E-02
7.776330E-02
1.062404E-01
1.500919E-01
2.153781E-01
3.034764E-01
4.125074E-01
5.479628E-01
6.850734E-01
7.743778E-01
7.832842E-01
6.419512E-01
3.554512E-01
1.913648E-01
8.296698E-02
6.593049E-02
4.240648E-02
4.047770E-02
5.613567E-02
8.459540E-02
1.275319E-01
1.868356E-01
2.752878E-01
3.959909E-01
5.387647E-01
6.895696E-01
8.047812E-01
8.290721E-01
6.652343E-01
3.433394E-01
1.683713E-01
6.223379E-02
4.514727E-02
2.690910E-02
3.247125E-02
5.032273E-02
7.828242E-02
1.161798E-01
1.743288E-01
2.653817E-01
3.932220E-01
5.485969E-01
7.020867E-01
8.217547E-01
8.407334E-01
6.636726E-01
3.348564E-01
1.543877E-01
5.077006E-02
3.362988E-02
1.884302E-02
2.818846E-02
4.618613E-02
7.287083E-02
1.150303E-01
1.787503E-01
2.680230E-01
3.933082E-01
5.570194E-01
7.182418E-01
8.240620E-01
8.301235E-01
6.603338E-01
3.349748E-01
1.504103E-01
3.842978E-02
2.543385E-02
1.493336E-02
2.388400E-02
3.996101E-02
6.750507E-02
1.177863E-01
1.924633E-01
2.773229E-01
3.988411E-01
5.627703E-01
7.093650E-01
7.982335E-01
7.819554E-01
5.964802E-01
2.865597E-01
1.186102E-01
3.206991E-02
2.114965E-02
1.229624E-02
2.047756E-02
3.605019E-02
6.437524E-02
1.172571E-01
1.994367E-01
2.817000E-01
3.970824E-01
5.529077E-01
6.696331E-01
7.326153E-01
6.989002E-01
5.037100E-01
2.258779E-01
8.872248E-02
2.729371E-02
1.786784E-02
9.895672E-03
1.748449E-02
3.237464E-02
5.875483E-02
1.127753E-01
1.970464E-01
2.861524E-01
3.860204E-01
5.009809E-01
5.861344E-01
6.292811E-01
5.921645E-01
4.171359E-01
1.814231E-01
6.930640E-02
2.115781E-02
1.404151E-02
7.974882E-03
1.369671E-02
2.753875E-02
5.013349E-02
9.556875E-02
1.656799E-01
2.454129E-01
3.251920E-01
4.018606E-01
4.694381E-01
4.934844E-01
4.421987E-01
3.057009E-01
1.326052E-01
4.973142E-02
1.864073E-02
1.205703E-02
6.152406E-03
1.028372E-02
2.154171E-02
4.121991E-02
7.046155E-02
1.134890E-01
1.715729E-01
2.304841E-01
2.895154E-01
3.416923E-01
3.384624E-01
2.837984E-01
1.955808E-01
8.739705E-02
3.562783E-02
1.726764E-02
1.083401E-02
4.796742E-03
7.666557E-03
1.453932E-02
2.890146E-02
4.705505E-02
7.205672E-02
1.096619E-01
1.479164E-01
1.843834E-01
2.072617E-01
1.975771E-01
1.588948E-01
1.074146E-01
5.330821E-02
2.555579E-02
1.436251E-02
9.027241E-03
3.673254E-03
4.858764E-03
8.802441E-03
1.688904E-02
2.862980E-02
4.283557E-02
5.929141E-02
8.064239E-02
9.349623E-02
9.613045E-02
9.476282E-02
7.586885E-02
5.019113E-02
2.856594E-02
1.757979E-02
1.290760E-02
7.964268E-03
2.749233E-03
2.976354E-03
4.838208E-03
8.277798E-03
1.294485E-02
1.843229E-02
2.430461E-02
3.201561E-02
3.560837E-02
3.406057E-02
3.415507E-02
3.082523E-02
2.195755E-02
1.434727E-02
1.177542E-02
1.269087E-02
7.638069E-03
2.258956E-03
1.967944E-03
2.203029E-03
2.865261E-03
3.938693E-03
5.154059E-03
6.608424E-03
8.693681E-03
1.011695E-02
9.650090E-03
8.837528E-03
8.699932E-03
7.923671E-03
6.533144E-03
5.938979E-03
1.226642E-02
7.337710E-03
2.032126E-03
1.532738E-03
1.382956E-03
1.359351E-03
1.469943E-03
1.787924E-03
2.067771E-03
2.570482E-03
3.135358E-03
3.242067E-03
3.272631E-03
3.307965E-03
3.159483E-03
2.977930E-03
2.925376E-03
