Un
part
1
coordinates
5.880325E-01
5.383327E-01
5.874215E-01
4.191928E-01
5.343421E-01
5.936809E-01
3.499242E-01
4.143060E-01
5.683864E-01
6.050839E-01
2.472258E-01
2.539242E-01
3.963281E-01
6.053209E-01
6.033832E-01
2.149061E-01
1.646594E-01
2.364245E-01
4.119040E-01
6.348580E-01
6.310840E-01
1.602218E-01
8.610005E-02
1.285457E-01
2.522897E-01
4.796862E-01
6.815665E-01
6.197495E-01
1.191501E-01
5.321940E-02
8.881078E-02
1.736714E-01
3.317843E-01
5.687117E-01
7.274817E-01
5.955672E-01
1.102943E-01
3.899835E-02
6.142881E-02
1.214104E-01
2.170506E-01
4.111470E-01
6.504425E-01
7.627253E-01
6.019239E-01
8.106649E-02
2.898677E-02
4.736528E-02
9.276990E-02
1.851557E-01
3.257378E-01
5.469225E-01
7.650276E-01
7.969266E-01
5.547643E-01
6.269447E-02
2.244916E-02
3.440391E-02
6.934521E-02
1.331806E-01
2.412221E-01
4.256697E-01
6.483293E-01
8.402028E-01
8.122562E-01
4.975303E-01
6.101023E-02
1.765504E-02
2.537841E-02
5.270626E-02
9.598921E-02
1.748972E-01
3.224413E-01
5.586994E-01
7.813135E-01
8.899528E-01
7.916664E-01
4.611924E-01
5.185328E-02
1.280780E-02
1.898984E-02
3.712905E-02
6.814454E-02
1.283459E-01
2.654522E-01
4.455875E-01
6.992352E-01
8.537090E-01
8.777418E-01
6.887931E-01
3.483238E-01
3.943985E-02
1.071049E-02
1.352649E-02
2.188577E-02
4.880925E-02
9.635307E-02
1.937966E-01
3.537590E-01
5.790390E-01
7.999352E-01
8.909139E-01
8.113818E-01
5.362507E-01
2.672559E-01
4.093487E-02
8.410068E-03
9.935110E-03
1.552925E-02
3.517001E-02
6.413155E-02
1.502082E-01
2.816069E-01
4.573506E-01
6.963795E-01
8.418373E-01
8.381736E-01
6.367415E-01
3.133482E-01
1.305547E-01
3.782193E-02
6.941555E-03
6.628155E-03
9.010806E-03
1.803418E-02
4.442401E-02
1.102120E-01
2.348192E-01
3.370298E-01
5.694559E-01
7.542418E-01
8.100586E-01
7.077185E-01
4.244712E-01
1.546370E-01
2.711606E-02
6.096634E-03
5.683406E-03
5.845494E-03
1.040566E-02
3.118344E-02
6.902290E-02
1.564888E-01
2.990068E-01
4.646702E-01
6.378643E-01
7.362934E-01
6.666048E-01
4.750590E-01
1.482396E-01
2.834934E-02
4.663325E-03
4.074533E-03
5.939861E-03
1.490087E-02
3.312729E-02
9.099720E-02
2.118454E-01
3.619598E-01
5.003445E-01
6.043786E-01
5.961690E-01
4.188084E-01
1.562862E-01
3.117953E-02
3.695727E-03
3.357835E-03
7.056756E-03
1.965848E-02
4.946021E-02
1.194030E-01
2.350940E-01
3.686687E-01
4.656701E-01
4.796156E-01
3.657910E-01
1.431283E-01
3.120476E-02
2.802879E-03
2.926512E-03
8.423908E-03
2.515774E-02
6.829030E-02
1.357311E-01
2.439056E-01
3.351322E-01
4.109934E-01
3.326392E-01
1.480172E-01
2.497816E-02
2.386367E-03
2.866637E-03
1.066042E-02
3.220194E-02
7.081446E-02
1.413980E-01
2.197987E-01
2.667871E-01
2.187860E-01
1.326451E-01
2.749072E-02
1.829175E-03
2.943028E-03
1.225475E-02
4.105083E-02
8.670633E-02
1.495254E-01
1.980060E-01
1.737668E-01
8.801621E-02
2.429908E-02
1.621091E-03
3.433922E-03
1.572181E-02
3.809894E-02
7.801905E-02
1.053111E-01
1.166266E-01
6.495378E-02
1.789833E-02
1.478099E-03
4.226944E-03
1.346765E-02
3.813992E-02
5.976838E-02
7.196104E-02
4.834314E-02
1.473429E-02
1.298466E-03
4.130212E-03
1.328523E-02
3.022188E-02
4.028130E-02
3.261410E-02
1.138888E-02
1.211030E-03
3.339207E-03
1.348068E-02
1.877321E-02
2.111311E-02
8.902596E-03
1.133333E-03
3.089173E-03
9.446043E-03
1.247089E-02
7.351641E-03
9.858532E-04
3.109859E-03
5.367601E-03
5.198122E-03
9.251810E-04
2.396885E-03
3.667844E-03
8.063724E-04
1.905555E-03
8.023930E-04
5.880325E-01
5.877270E-01
5.905512E-01
5.993824E-01
6.042336E-01
6.172336E-01
6.254168E-01
6.076583E-01
5.987456E-01
5.783441E-01
5.261473E-01
4.793614E-01
4.047581E-01
3.077899E-01
1.989053E-01
7.883537E-02
2.711606E-02
5.631826E-01
5.620322E-01
5.709577E-01
5.931180E-01
6.121615E-01
6.377229E-01
6.649704E-01
6.763809E-01
6.892857E-01
6.914677E-01
6.640543E-01
6.097956E-01
5.086400E-01
3.662947E-01
2.164489E-01
8.516426E-02
2.773270E-02
4.787627E-01
4.765434E-01
4.783407E-01
4.954849E-01
5.329423E-01
5.912056E-01
6.570506E-01
7.264193E-01
7.912206E-01
8.348346E-01
8.429043E-01
7.923958E-01
6.682918E-01
4.777029E-01
2.601740E-01
9.060135E-02
2.976443E-02
3.845585E-01
3.593368E-01
3.252457E-01
3.242366E-01
3.689160E-01
4.478323E-01
5.443059E-01
6.526805E-01
7.587183E-01
8.412945E-01
8.780794E-01
8.545527E-01
7.485038E-01
5.609975E-01
3.010140E-01
9.172752E-02
3.119215E-02
2.985750E-01
2.539334E-01
1.958884E-01
1.977328E-01
2.436990E-01
3.214299E-01
4.273693E-01
5.449052E-01
6.718944E-01
7.835482E-01
8.465989E-01
8.452458E-01
7.556389E-01
5.670476E-01
2.983205E-01
8.889935E-02
2.809146E-02
2.310659E-01
1.782228E-01
1.170290E-01
1.281096E-01
1.743220E-01
2.422916E-01
3.287677E-01
4.380995E-01
5.706403E-01
6.936472E-01
7.730985E-01
7.856078E-01
7.022814E-01
5.118433E-01
2.689362E-01
8.590359E-02
2.623444E-02
1.875639E-01
1.286118E-01
7.238976E-02
9.110496E-02
1.331291E-01
1.836139E-01
2.510032E-01
3.468100E-01
4.589340E-01
5.755563E-01
6.644854E-01
6.831945E-01
6.041142E-01
4.435537E-01
2.447731E-01
8.311303E-02
2.589490E-02
1.396859E-01
9.289740E-02
5.025296E-02
6.772730E-02
9.782124E-02
1.331032E-01
1.906230E-01
2.736537E-01
3.574366E-01
4.571266E-01
5.430837E-01
5.520644E-01
4.901644E-01
3.605086E-01
1.930216E-01
6.571469E-02
2.109870E-02
1.147222E-01
7.435738E-02
3.743858E-02
5.095517E-02
7.154630E-02
9.720818E-02
1.421759E-01
2.151077E-01
2.881157E-01
3.656667E-01
4.239108E-01
4.174539E-01
3.696457E-01
2.675833E-01
1.363807E-01
4.640065E-02
1.631631E-02
9.568041E-02
6.069919E-02
2.780456E-02
3.740441E-02
5.169727E-02
6.935960E-02
1.052262E-01
1.629320E-01
2.255400E-01
2.769765E-01
3.024070E-01
2.918763E-01
2.549310E-01
1.887966E-01
1.009226E-01
3.485502E-02
1.306158E-02
7.188048E-02
4.596629E-02
2.111811E-02
2.584577E-02
3.574852E-02
4.813370E-02
7.194760E-02
1.066802E-01
1.446836E-01
1.755184E-01
1.890322E-01
1.886569E-01
1.681603E-01
1.229762E-01
6.738623E-02
2.531218E-02
1.014574E-02
6.185235E-02
3.854188E-02
1.574479E-02
1.748284E-02
2.265480E-02
3.220291E-02
4.443941E-02
6.065190E-02
8.203769E-02
9.855973E-02
1.086625E-01
1.139122E-01
9.815598E-02
6.933045E-02
4.149239E-02
1.749536E-02
8.127118E-03
5.643175E-02
3.409545E-02
1.174497E-02
1.200042E-02
1.324498E-02
1.863104E-02
2.471752E-02
3.185093E-02
4.377755E-02
5.308938E-02
5.916764E-02
6.024106E-02
5.153731E-02
3.726119E-02
2.315963E-02
1.153344E-02
6.274881E-03
4.564657E-02
2.760342E-02
8.920956E-03
7.854891E-03
7.800455E-03
9.575786E-03
1.251000E-02
1.597514E-02
2.006871E-02
2.530733E-02
2.708481E-02
2.574793E-02
2.378193E-02
1.798045E-02
1.151444E-02
6.676115E-03
4.432983E-03
4.018736E-02
2.393159E-02
6.915796E-03
5.557897E-03
4.804431E-03
4.820241E-03
5.318454E-03
6.223498E-03
7.323029E-03
8.909356E-03
9.386653E-03
8.555575E-03
8.298575E-03
7.281440E-03
5.080097E-03
3.334471E-03
2.786699E-03
3.937840E-02
2.294875E-02
5.846230E-03
4.529248E-03
3.482743E-03
2.868398E-03
2.502173E-03
2.314983E-03
2.369035E-03
2.609358E-03
2.716663E-03
2.453446E-03
2.136892E-03
2.027517E-03
1.809574E-03
1.477801E-03
1.353974E-03
3.782193E-02
2.195928E-02
5.379979E-03
4.179526E-03
3.249303E-03
2.594623E-03
2.107771E-03
1.725133E-03
1.549595E-03
1.388283E-03
1.254748E-03
1.172182E-03
1.059593E-03
9.555171E-04
8.657767E-04
8.043827E-04
8.023930E-04
