Un
part
1
coordinates
5.328351E-01
6.246185E-01
5.211877E-01
6.060530E-01
6.500477E-01
5.385925E-01
5.814751E-01
6.814459E-01
7.130465E-01
5.114617E-01
5.638326E-01
6.213467E-01
7.326760E-01
7.422204E-01
4.594277E-01
5.412522E-01
5.746113E-01
7.062741E-01
8.278765E-01
7.604601E-01
4.800341E-01
4.720797E-01
4.493218E-01
5.793425E-01
7.685990E-01
8.739414E-01
7.875921E-01
4.053728E-01
4.047791E-01
3.341171E-01
4.421156E-01
6.529255E-01
8.375847E-01
9.052484E-01
7.681545E-01
3.098134E-01
3.844127E-01
2.528734E-01
3.058046E-01
4.713961E-01
6.782673E-01
8.861347E-01
9.141408E-01
7.168012E-01
2.821641E-01
2.940561E-01
1.691894E-01
2.122721E-01
3.413389E-01
5.558923E-01
7.627277E-01
8.994821E-01
8.675850E-01
6.263040E-01
2.004129E-01
2.343257E-01
1.223561E-01
1.433302E-01
2.427296E-01
4.093176E-01
6.007929E-01
8.009785E-01
8.776475E-01
7.994035E-01
5.354716E-01
1.294379E-01
2.250141E-01
8.746278E-02
9.377234E-02
1.676721E-01
2.754783E-01
4.160704E-01
6.433703E-01
8.040715E-01
8.146818E-01
6.772102E-01
4.091595E-01
1.001380E-01
1.869113E-01
5.349887E-02
6.648911E-02
1.121701E-01
1.776862E-01
2.832421E-01
4.586708E-01
6.648321E-01
7.491699E-01
7.079693E-01
4.997386E-01
2.484243E-01
5.512403E-02
1.414528E-01
3.982856E-02
4.427696E-02
6.570522E-02
1.190097E-01
1.865328E-01
3.122789E-01
4.800665E-01
6.430306E-01
6.341498E-01
5.338789E-01
3.262594E-01
1.363112E-01
3.303446E-02
1.454018E-01
2.523368E-02
3.095786E-02
4.543875E-02
8.070908E-02
1.165345E-01
2.100301E-01
3.334913E-01
4.764162E-01
5.576033E-01
5.149749E-01
3.490757E-01
1.647959E-01
5.016966E-02
1.597487E-02
1.343808E-01
1.674116E-02
1.846696E-02
2.724720E-02
4.104767E-02
7.680869E-02
1.392517E-01
2.452131E-01
3.355065E-01
4.321962E-01
4.268048E-01
3.523090E-01
2.036401E-01
7.767054E-02
2.121692E-02
6.458538E-03
1.258646E-02
1.334328E-02
1.784584E-02
2.655226E-02
5.159261E-02
8.089536E-02
1.344543E-01
2.676313E-01
3.292720E-01
3.500616E-01
3.128671E-01
1.946832E-01
9.373228E-02
2.337633E-02
6.658683E-03
8.673478E-03
1.142865E-02
1.635743E-02
2.536524E-02
4.157727E-02
7.651539E-02
1.446950E-01
2.260958E-01
2.533342E-01
2.359040E-01
1.714163E-01
8.039007E-02
2.502120E-02
7.196001E-03
7.359108E-03
1.038117E-02
1.404492E-02
2.292795E-02
4.298061E-02
7.639444E-02
1.318689E-01
1.724192E-01
1.811097E-01
1.389126E-01
7.340119E-02
2.445364E-02
7.373599E-03
6.800940E-03
8.699135E-03
1.131223E-02
2.097035E-02
4.263980E-02
6.897654E-02
1.083257E-01
1.193390E-01
1.206206E-01
7.435234E-02
2.721620E-02
6.399567E-03
6.060270E-03
6.758332E-03
9.901233E-03
1.991709E-02
3.421186E-02
5.874590E-02
7.627511E-02
7.346932E-02
4.927940E-02
2.599239E-02
6.914959E-03
5.171256E-03
5.252734E-03
8.215705E-03
1.942418E-02
3.345796E-02
5.025935E-02
5.589243E-02
4.166560E-02
1.889523E-02
6.137778E-03
4.644136E-03
4.073810E-03
7.587611E-03
1.400907E-02
2.436557E-02
2.994543E-02
2.854731E-02
1.499166E-02
4.528618E-03
4.065822E-03
3.413016E-03
5.327074E-03
1.204652E-02
1.668021E-02
1.853136E-02
1.156314E-02
3.736751E-03
3.107745E-03
2.538532E-03
4.253564E-03
7.940312E-03
1.011597E-02
7.845183E-03
2.754033E-03
2.679782E-03
1.617469E-03
3.596856E-03
4.343912E-03
4.852752E-03
1.861734E-03
2.337616E-03
1.222499E-03
2.024064E-03
2.590053E-03
1.365628E-03
1.788860E-03
9.032153E-04
1.038632E-03
8.395990E-04
1.620203E-03
5.791427E-04
5.362430E-04
1.400220E-03
3.633734E-04
1.438452E-03
5.328351E-01
5.270114E-01
5.298901E-01
5.250271E-01
4.854447E-01
4.697309E-01
4.427034E-01
3.575931E-01
2.959888E-01
2.412885E-01
1.649254E-01
1.147880E-01
7.763104E-02
4.407924E-02
2.450467E-02
1.121670E-02
6.458538E-03
5.787268E-01
5.821723E-01
6.057186E-01
6.263303E-01
6.183925E-01
6.218785E-01
6.102884E-01
5.500355E-01
4.837707E-01
4.110881E-01
3.186205E-01
2.217899E-01
1.349994E-01
6.865984E-02
3.009898E-02
1.257725E-02
6.558611E-03
6.153358E-01
6.405413E-01
6.943040E-01
7.539548E-01
8.011246E-01
8.318105E-01
8.437840E-01
8.166704E-01
7.525234E-01
6.595973E-01
5.303950E-01
3.708954E-01
2.189477E-01
1.072368E-01
4.310836E-02
1.461198E-02
6.927342E-03
5.937641E-01
6.225802E-01
6.854357E-01
7.588564E-01
8.270004E-01
8.757273E-01
9.012515E-01
8.897138E-01
8.398295E-01
7.498162E-01
6.046992E-01
4.272381E-01
2.609428E-01
1.349597E-01
5.495009E-02
1.574178E-02
7.284800E-03
5.726539E-01
5.853164E-01
6.203936E-01
6.767853E-01
7.343441E-01
7.911786E-01
8.373307E-01
8.455449E-01
8.113927E-01
7.264927E-01
5.977432E-01
4.375596E-01
2.749270E-01
1.431114E-01
5.589930E-02
1.581200E-02
6.886583E-03
5.525424E-01
5.322545E-01
5.113478E-01
5.364449E-01
5.896203E-01
6.494201E-01
7.019674E-01
7.283131E-01
7.152760E-01
6.459884E-01
5.333832E-01
4.017390E-01
2.578189E-01
1.299727E-01
5.136527E-02
1.624609E-02
6.657263E-03
5.066659E-01
4.491927E-01
3.828398E-01
3.901638E-01
4.444862E-01
4.955183E-01
5.297261E-01
5.617349E-01
5.660863E-01
5.273116E-01
4.416665E-01
3.314094E-01
2.147750E-01
1.145206E-01
5.024053E-02
1.656533E-02
6.526369E-03
4.384294E-01
3.659623E-01
2.762668E-01
2.755363E-01
3.172161E-01
3.460271E-01
3.675656E-01
3.961269E-01
4.063701E-01
3.933477E-01
3.412160E-01
2.551024E-01
1.691367E-01
9.579123E-02
4.212984E-02
1.388851E-02
5.333198E-03
3.945959E-01
3.028137E-01
1.944163E-01
1.915010E-01
2.158915E-01
2.307348E-01
2.480210E-01
2.752533E-01
2.954606E-01
2.896264E-01
2.452803E-01
1.815505E-01
1.236346E-01
7.125872E-02
3.120797E-02
1.053807E-02
4.132684E-03
3.392344E-01
2.425036E-01
1.321620E-01
1.292362E-01
1.441345E-01
1.499408E-01
1.630873E-01
1.822373E-01
1.979984E-01
1.925728E-01
1.596774E-01
1.190897E-01
8.124395E-02
4.989366E-02
2.419193E-02
8.261396E-03
3.245392E-03
2.641909E-01
1.845502E-01
9.252008E-02
8.453420E-02
9.439852E-02
9.826548E-02
1.033726E-01
1.077792E-01
1.080148E-01
1.054837E-01
9.197928E-02
7.340153E-02
5.309308E-02
3.322913E-02
1.662175E-02
6.006022E-03
2.307884E-03
2.296699E-01
1.500754E-01
6.293193E-02
5.547751E-02
5.822518E-02
6.253951E-02
6.271848E-02
6.049216E-02
5.963256E-02
5.555566E-02
4.884806E-02
4.170719E-02
3.031264E-02
1.881824E-02
1.033632E-02
3.981324E-03
1.613681E-03
2.059627E-01
1.263132E-01
4.214056E-02
3.698019E-02
3.507147E-02
3.613945E-02
3.536577E-02
3.211404E-02
3.162696E-02
2.904823E-02
2.527576E-02
2.096978E-02
1.525815E-02
9.770102E-03
5.475672E-03
2.412008E-03
1.102613E-03
1.641821E-01
9.835659E-02
2.862176E-02
2.362946E-02
2.200068E-02
2.057996E-02
1.841258E-02
1.627794E-02
1.475109E-02
1.378615E-02
1.158698E-02
8.909057E-03
6.959314E-03
4.476286E-03
2.499165E-03
1.251132E-03
6.879210E-04
1.434273E-01
8.220736E-02
1.844627E-02
1.527118E-02
1.400327E-02
1.237066E-02
1.020365E-02
8.306132E-03
6.860871E-03
5.822535E-03
4.716558E-03
3.434160E-03
2.672597E-03
1.936659E-03
1.136263E-03
6.293477E-04
4.498082E-04
1.398913E-01
7.727756E-02
1.283610E-02
1.020113E-02
8.992467E-03
7.985378E-03
6.672248E-03
5.456614E-03
4.509126E-03
3.665098E-03
2.934769E-03
2.293350E-03
1.741611E-03
1.383694E-03
1.125695E-03
9.452969E-04
9.009128E-04
1.343808E-01
7.348365E-02
1.062997E-02
8.016293E-03
7.080024E-03
6.430605E-03
5.615763E-03
4.907696E-03
4.354979E-03
3.586784E-03
2.893763E-03
2.508699E-03
2.063238E-03
1.704531E-03
1.510211E-03
1.419336E-03
1.438452E-03
