Un
part
1
coordinates
4.088465E-01
6.457981E-01
3.900885E-01
6.359345E-01
6.697657E-01
4.074149E-01
6.117245E-01
7.219329E-01
6.985029E-01
3.376635E-01
6.105735E-01
7.259064E-01
7.799700E-01
6.906362E-01
2.617486E-01
5.842375E-01
7.338448E-01
8.385100E-01
8.698520E-01
6.579577E-01
2.773590E-01
5.775352E-01
6.902399E-01
8.169620E-01
9.112300E-01
8.751184E-01
6.234552E-01
2.072567E-01
5.595786E-01
6.049866E-01
7.268204E-01
8.805110E-01
9.355866E-01
8.453668E-01
5.595442E-01
1.313660E-01
5.402281E-01
5.138066E-01
5.889758E-01
7.446859E-01
8.851356E-01
9.230960E-01
7.881121E-01
4.690612E-01
1.101296E-01
4.680112E-01
3.896902E-01
4.539327E-01
5.950179E-01
7.741167E-01
8.733350E-01
8.378287E-01
6.501531E-01
3.475920E-01
7.051522E-02
4.096437E-01
3.074065E-01
3.263744E-01
4.505919E-01
6.303640E-01
7.691116E-01
8.239244E-01
7.419105E-01
5.303140E-01
2.630202E-01
4.204221E-02
3.989013E-01
2.342739E-01
2.172042E-01
3.185276E-01
4.547019E-01
5.768711E-01
7.337166E-01
7.230354E-01
5.962923E-01
3.850959E-01
1.784686E-01
3.147338E-02
3.355126E-01
1.513340E-01
1.528332E-01
2.164794E-01
3.058835E-01
4.210431E-01
5.426785E-01
6.466128E-01
5.833813E-01
4.552112E-01
2.415013E-01
9.416646E-02
1.878457E-02
2.673640E-01
1.152155E-01
9.703992E-02
1.289963E-01
2.089055E-01
2.845884E-01
3.909759E-01
4.976717E-01
5.386016E-01
4.268542E-01
2.869811E-01
1.342961E-01
5.031644E-02
1.362668E-02
2.665614E-01
6.785788E-02
6.527101E-02
8.796903E-02
1.423903E-01
1.819382E-01
2.684644E-01
3.545532E-01
4.275779E-01
4.022043E-01
3.027630E-01
1.603878E-01
6.447505E-02
2.119676E-02
8.977034E-03
2.505122E-01
4.147316E-02
3.637656E-02
5.149677E-02
7.301681E-02
1.208017E-01
1.823981E-01
2.622364E-01
3.216593E-01
3.278188E-01
2.618749E-01
1.813509E-01
8.829065E-02
3.182509E-02
1.114304E-02
3.950409E-03
2.859374E-02
2.547874E-02
3.251922E-02
4.753999E-02
8.319882E-02
1.098237E-01
1.475120E-01
2.533704E-01
2.579612E-01
2.267612E-01
1.703405E-01
9.141224E-02
4.045971E-02
1.243257E-02
4.083975E-03
1.496264E-02
1.921681E-02
2.855405E-02
4.338425E-02
6.298571E-02
9.048412E-02
1.338485E-01
1.774607E-01
1.714093E-01
1.332184E-01
8.401281E-02
3.670830E-02
1.329743E-02
4.138147E-03
1.080377E-02
1.689566E-02
2.487333E-02
3.651321E-02
5.604329E-02
7.631404E-02
1.081013E-01
1.195511E-01
1.093019E-01
7.232287E-02
3.522259E-02
1.273609E-02
4.058970E-03
8.833050E-03
1.477847E-02
2.010087E-02
2.963429E-02
4.627341E-02
5.900928E-02
7.841451E-02
7.348748E-02
6.513656E-02
3.756207E-02
1.391831E-02
3.172951E-03
7.606075E-03
1.232763E-02
1.637545E-02
2.419824E-02
3.227563E-02
4.422223E-02
4.860586E-02
4.031542E-02
2.534668E-02
1.321185E-02
3.319076E-03
7.040669E-03
9.998070E-03
1.221851E-02
1.995528E-02
2.601212E-02
3.280329E-02
3.129403E-02
2.157704E-02
9.311635E-03
2.824276E-03
6.735958E-03
7.715557E-03
9.452014E-03
1.232342E-02
1.617432E-02
1.731512E-02
1.447380E-02
7.095118E-03
1.897228E-03
6.007769E-03
6.120994E-03
6.129450E-03
9.253876E-03
9.977374E-03
9.490303E-03
5.274026E-03
1.463188E-03
5.117713E-03
4.448920E-03
4.175600E-03
5.236323E-03
5.219450E-03
3.444649E-03
1.021171E-03
4.615503E-03
2.808785E-03
3.016125E-03
2.628092E-03
2.164701E-03
6.762437E-04
4.016111E-03
2.014259E-03
1.452392E-03
1.317711E-03
5.062138E-04
3.137074E-03
1.230654E-03
7.750827E-04
3.754763E-04
2.843469E-03
7.106873E-04
3.487518E-04
2.410357E-03
4.151466E-04
2.457171E-03
4.088465E-01
3.994675E-01
3.987517E-01
3.725392E-01
2.997060E-01
2.695538E-01
2.423079E-01
1.693114E-01
1.207478E-01
9.032243E-02
5.627872E-02
3.675780E-02
2.512897E-02
1.620563E-02
1.130186E-02
6.463721E-03
3.950409E-03
5.273223E-01
5.286247E-01
5.414430E-01
5.335544E-01
4.870015E-01
4.551301E-01
4.169038E-01
3.418070E-01
2.645372E-01
1.978143E-01
1.385116E-01
8.653766E-02
4.868521E-02
2.598111E-02
1.373588E-02
7.038613E-03
4.017192E-03
6.408663E-01
6.683578E-01
7.175429E-01
7.597403E-01
7.733911E-01
7.504745E-01
7.041196E-01
6.167177E-01
4.992801E-01
3.815056E-01
2.670215E-01
1.621081E-01
8.581352E-02
4.195333E-02
1.914937E-02
7.949433E-03
4.111061E-03
6.238295E-01
6.738746E-01
7.665798E-01
8.498905E-01
8.979467E-01
8.947920E-01
8.486009E-01
7.545011E-01
6.296675E-01
4.917284E-01
3.421974E-01
2.057916E-01
1.118624E-01
5.626262E-02
2.450370E-02
8.481780E-03
4.098559E-03
6.111490E-01
6.705123E-01
7.788058E-01
8.618033E-01
9.031158E-01
9.042883E-01
8.645460E-01
7.816748E-01
6.611549E-01
5.154348E-01
3.679524E-01
2.328707E-01
1.303604E-01
6.421773E-02
2.580038E-02
8.316360E-03
3.615961E-03
5.974055E-01
6.547239E-01
7.419668E-01
7.922448E-01
8.211123E-01
8.254247E-01
8.000219E-01
7.318223E-01
6.229078E-01
4.877603E-01
3.484241E-01
2.290823E-01
1.317791E-01
6.183898E-02
2.464633E-02
8.286609E-03
3.246014E-03
5.808864E-01
6.142498E-01
6.527557E-01
6.638750E-01
6.860461E-01
6.876159E-01
6.555944E-01
6.051699E-01
5.276160E-01
4.240507E-01
3.046648E-01
1.980488E-01
1.149736E-01
5.728008E-02
2.497871E-02
8.318379E-03
3.071676E-03
5.685569E-01
5.639768E-01
5.404254E-01
5.221296E-01
5.326689E-01
5.207450E-01
4.828921E-01
4.464698E-01
4.003655E-01
3.337543E-01
2.459876E-01
1.601727E-01
9.499493E-02
5.009205E-02
2.135806E-02
6.811247E-03
2.360752E-03
5.499034E-01
5.008259E-01
4.209510E-01
3.873567E-01
3.824262E-01
3.665542E-01
3.412680E-01
3.190575E-01
2.979548E-01
2.526129E-01
1.815956E-01
1.184374E-01
7.206034E-02
3.809393E-02
1.583262E-02
4.941792E-03
1.680208E-03
5.041197E-01
4.263340E-01
3.101688E-01
2.696464E-01
2.624490E-01
2.453289E-01
2.293473E-01
2.151527E-01
1.992418E-01
1.681952E-01
1.208819E-01
8.001474E-02
4.842570E-02
2.691507E-02
1.210500E-02
3.713376E-03
1.242179E-03
4.388275E-01
3.548338E-01
2.279295E-01
1.788783E-01
1.741929E-01
1.635089E-01
1.487404E-01
1.325545E-01
1.120397E-01
9.431830E-02
7.243684E-02
5.101147E-02
3.250457E-02
1.814331E-02
8.170696E-03
2.604022E-03
8.487073E-04
4.042725E-01
2.985382E-01
1.588703E-01
1.167096E-01
1.080931E-01
1.048519E-01
9.420248E-02
7.983420E-02
6.727872E-02
5.346809E-02
4.037982E-02
2.980299E-02
1.906753E-02
1.050056E-02
5.079776E-03
1.697952E-03
5.912288E-04
3.672070E-01
2.502409E-01
1.072151E-01
7.544418E-02
6.500565E-02
6.178497E-02
5.652050E-02
4.629413E-02
3.903731E-02
3.067564E-02
2.264161E-02
1.594093E-02
1.016047E-02
5.765310E-03
2.832488E-03
1.091025E-03
4.408450E-04
3.014383E-01
1.964875E-01
7.118024E-02
4.641589E-02
4.002751E-02
3.608790E-02
3.121791E-02
2.565596E-02
2.060662E-02
1.645601E-02
1.196504E-02
7.970587E-03
5.420481E-03
3.083233E-03
1.543319E-03
7.042554E-04
3.621140E-04
2.669627E-01
1.608141E-01
4.279659E-02
2.839783E-02
2.429643E-02
2.127538E-02
1.802007E-02
1.470050E-02
1.157690E-02
8.876769E-03
6.537845E-03
4.390689E-03
3.003692E-03
1.928357E-03
1.042204E-03
5.624171E-04
3.819492E-04
2.585368E-01
1.467851E-01
2.762707E-02
1.761549E-02
1.393732E-02
1.202832E-02
1.043821E-02
9.025581E-03
7.614339E-03
6.240509E-03
5.075783E-03
3.972330E-03
2.994057E-03
2.306364E-03
1.798792E-03
1.498340E-03
1.436159E-03
2.505122E-01
1.395530E-01
2.177819E-02
1.288321E-02
9.818410E-03
8.219562E-03
7.323372E-03
6.888313E-03
6.371864E-03
5.562741E-03
4.866608E-03
4.315807E-03
3.576592E-03
2.990271E-03
2.626913E-03
2.433764E-03
2.457171E-03
