Un
part
1
coordinates
3.536806E-03
8.352819E-03
4.470942E-03
1.824423E-02
1.055895E-02
5.227060E-03
3.685436E-02
2.306287E-02
1.234467E-02
5.651800E-03
6.885302E-02
4.658828E-02
2.696323E-02
1.334777E-02
5.651800E-03
1.189673E-01
8.703837E-02
5.446722E-02
2.915420E-02
1.334777E-02
5.227060E-03
1.901093E-01
1.503888E-01
1.017582E-01
5.889311E-02
2.915420E-02
1.234467E-02
4.470942E-03
2.809633E-01
2.403206E-01
1.758223E-01
1.100268E-01
5.889311E-02
2.696323E-02
1.055895E-02
3.536806E-03
3.840313E-01
3.551709E-01
2.809633E-01
1.901093E-01
1.100268E-01
5.446722E-02
2.306287E-02
8.352819E-03
2.587582E-03
4.854610E-01
4.854610E-01
4.152368E-01
3.037938E-01
1.901093E-01
1.017582E-01
4.658828E-02
1.824423E-02
6.111053E-03
1.750846E-03
5.675615E-01
6.136803E-01
5.675615E-01
4.489781E-01
3.037938E-01
1.758223E-01
8.703837E-02
3.685436E-02
1.334777E-02
4.134945E-03
1.095651E-03
6.136803E-01
7.174649E-01
7.174649E-01
6.136803E-01
4.489781E-01
2.809633E-01
1.503888E-01
6.885302E-02
2.696323E-02
9.031550E-03
2.587582E-03
6.341144E-04
6.136803E-01
7.757645E-01
8.388015E-01
7.757645E-01
6.136803E-01
4.152368E-01
2.403206E-01
1.189673E-01
5.037394E-02
1.824423E-02
5.651800E-03
1.497578E-03
3.394170E-04
5.675615E-01
7.757645E-01
9.069606E-01
9.069606E-01
7.757645E-01
5.675615E-01
3.551709E-01
1.901093E-01
8.703837E-02
3.408471E-02
1.141695E-02
3.271011E-03
8.015957E-04
1.680236E-04
4.854610E-01
7.174649E-01
9.069606E-01
9.806582E-01
9.069606E-01
7.174649E-01
4.854610E-01
2.809633E-01
1.390869E-01
5.889311E-02
2.132967E-02
6.607623E-03
1.750846E-03
3.968186E-04
7.692680E-05
3.840313E-01
6.136803E-01
8.388015E-01
9.806582E-01
9.806582E-01
8.388015E-01
6.136803E-01
3.840313E-01
2.055571E-01
9.411091E-02
3.685436E-02
1.234467E-02
3.536806E-03
8.667316E-04
1.816768E-04
3.257286E-05
4.854610E-01
7.174649E-01
9.069606E-01
9.806582E-01
9.069606E-01
7.174649E-01
4.854610E-01
2.809633E-01
1.390869E-01
5.889311E-02
2.132967E-02
6.607623E-03
1.750846E-03
3.968186E-04
7.692680E-05
5.675615E-01
7.757645E-01
9.069606E-01
9.069606E-01
7.757645E-01
5.675615E-01
3.551709E-01
1.901093E-01
8.703837E-02
3.408471E-02
1.141695E-02
3.271011E-03
8.015957E-04
1.680236E-04
6.136803E-01
7.757645E-01
8.388015E-01
7.757645E-01
6.136803E-01
4.152368E-01
2.403206E-01
1.189673E-01
5.037394E-02
1.824423E-02
5.651800E-03
1.497578E-03
3.394170E-04
6.136803E-01
7.174649E-01
7.174649E-01
6.136803E-01
4.489781E-01
2.809633E-01
1.503888E-01
6.885302E-02
2.696323E-02
9.031550E-03
2.587582E-03
6.341144E-04
5.675615E-01
6.136803E-01
5.675615E-01
4.489781E-01
3.037938E-01
1.758223E-01
8.703837E-02
3.685436E-02
1.334777E-02
4.134945E-03
1.095651E-03
4.854610E-01
4.854610E-01
4.152368E-01
3.037938E-01
1.901093E-01
1.017582E-01
4.658828E-02
1.824423E-02
6.111053E-03
1.750846E-03
3.840313E-01
3.551709E-01
2.809633E-01
1.901093E-01
1.100268E-01
5.446722E-02
2.306287E-02
8.352819E-03
2.587582E-03
2.809633E-01
2.403206E-01
1.758223E-01
1.100268E-01
5.889311E-02
2.696323E-02
1.055895E-02
3.536806E-03
1.901093E-01
1.503888E-01
1.017582E-01
5.889311E-02
2.915420E-02
1.234467E-02
4.470942E-03
1.189673E-01
8.703837E-02
5.446722E-02
2.915420E-02
1.334777E-02
5.227060E-03
6.885302E-02
4.658828E-02
2.696323E-02
1.334777E-02
5.651800E-03
3.685436E-02
2.306287E-02
1.234467E-02
5.651800E-03
1.824423E-02
1.055895E-02
5.227060E-03
8.352819E-03
4.470942E-03
3.536806E-03
3.536806E-03
4.003874E-03
4.849001E-03
5.439430E-03
5.651800E-03
5.439430E-03
4.849001E-03
4.003874E-03
3.062194E-03
2.169214E-03
1.423249E-03
8.648829E-04
4.867657E-04
2.537203E-04
1.224752E-04
5.474983E-05
3.257286E-05
5.944812E-03
6.729879E-03
8.150405E-03
9.142823E-03
9.499783E-03
9.142823E-03
8.150405E-03
6.729879E-03
5.147065E-03
3.646106E-03
2.392256E-03
1.453732E-03
8.181762E-04
4.264637E-04
2.058615E-04
9.202581E-05
5.474983E-05
1.329853E-02
1.505472E-02
1.823243E-02
2.045247E-02
2.125098E-02
2.045247E-02
1.823243E-02
1.505472E-02
1.151397E-02
8.156328E-03
5.351469E-03
3.251993E-03
1.830258E-03
9.539979E-04
4.605114E-04
2.058615E-04
1.224752E-04
2.754930E-02
3.118744E-02
3.777040E-02
4.236944E-02
4.402365E-02
4.236944E-02
3.777040E-02
3.118744E-02
2.385240E-02
1.689669E-02
1.108613E-02
6.736846E-03
3.791571E-03
1.976307E-03
9.539979E-04
4.264637E-04
2.537203E-04
5.285369E-02
5.983351E-02
7.246301E-02
8.128632E-02
8.445996E-02
8.128632E-02
7.246301E-02
5.983351E-02
4.576114E-02
3.241653E-02
2.126889E-02
1.292473E-02
7.274180E-03
3.791571E-03
1.830258E-03
8.181762E-04
4.867657E-04
9.391018E-02
1.063119E-01
1.287519E-01
1.444291E-01
1.500680E-01
1.444291E-01
1.287519E-01
1.063119E-01
8.130817E-02
5.759753E-02
3.779046E-02
2.296459E-02
1.292473E-02
6.736846E-03
3.251993E-03
1.453732E-03
8.648829E-04
1.545383E-01
1.749465E-01
2.118738E-01
2.376722E-01
2.469515E-01
2.376722E-01
2.118738E-01
1.749465E-01
1.338005E-01
9.478233E-02
6.218787E-02
3.779046E-02
2.126889E-02
1.108613E-02
5.351469E-03
2.392256E-03
1.423249E-03
2.355363E-01
2.666410E-01
3.229229E-01
3.622430E-01
3.763859E-01
3.622430E-01
3.229229E-01
2.666410E-01
2.039292E-01
1.444605E-01
9.478233E-02
5.759753E-02
3.241653E-02
1.689669E-02
8.156328E-03
3.646106E-03
2.169214E-03
3.324973E-01
3.764066E-01
4.558575E-01
5.113641E-01
5.313292E-01
5.113641E-01
4.558575E-01
3.764066E-01
2.878788E-01
2.039292E-01
1.338005E-01
8.130817E-02
4.576114E-02
2.385240E-02
1.151397E-02
5.147065E-03
3.062194E-03
4.347462E-01
4.921584E-01
5.960419E-01
6.686178E-01
6.947224E-01
6.686178E-01
5.960419E-01
4.921584E-01
3.764066E-01
2.666410E-01
1.749465E-01
1.063119E-01
5.983351E-02
3.118744E-02
1.505472E-02
6.729879E-03
4.003874E-03
5.265112E-01
5.960419E-01
7.218529E-01
8.097479E-01
8.413626E-01
8.097479E-01
7.218529E-01
5.960419E-01
4.558575E-01
3.229229E-01
2.118738E-01
1.287519E-01
7.246301E-02
3.777040E-02
1.823243E-02
8.150405E-03
4.849001E-03
5.906209E-01
6.686178E-01
8.097479E-01
9.083452E-01
9.438094E-01
9.083452E-01
8.097479E-01
6.686178E-01
5.113641E-01
3.622430E-01
2.376722E-01
1.444291E-01
8.128632E-02
4.236944E-02
2.045247E-02
9.142823E-03
5.439430E-03
6.136803E-01
6.947224E-01
8.413626E-01
9.438094E-01
9.806582E-01
9.438094E-01
8.413626E-01
6.947224E-01
5.313292E-01
3.763859E-01
2.469515E-01
1.500680E-01
8.445996E-02
4.402365E-02
2.125098E-02
9.499783E-03
5.651800E-03
5.906209E-01
6.686178E-01
8.097479E-01
9.083452E-01
9.438094E-01
9.083452E-01
8.097479E-01
6.686178E-01
5.113641E-01
3.622430E-01
2.376722E-01
1.444291E-01
8.128632E-02
4.236944E-02
2.045247E-02
9.142823E-03
5.439430E-03
5.265112E-01
5.960419E-01
7.218529E-01
8.097479E-01
8.413626E-01
8.097479E-01
7.218529E-01
5.960419E-01
4.558575E-01
3.229229E-01
2.118738E-01
1.287519E-01
7.246301E-02
3.777040E-02
1.823243E-02
8.150405E-03
4.849001E-03
4.347462E-01
4.921584E-01
5.960419E-01
6.686178E-01
6.947224E-01
6.686178E-01
5.960419E-01
4.921584E-01
3.764066E-01
2.666410E-01
1.749465E-01
1.063119E-01
5.983351E-02
3.118744E-02
1.505472E-02
6.729879E-03
4.003874E-03
3.840313E-01
4.347462E-01
5.265112E-01
5.906209E-01
6.136803E-01
5.906209E-01
5.265112E-01
4.347462E-01
3.324973E-01
2.355363E-01
1.545383E-01
9.391018E-02
5.285369E-02
2.754930E-02
1.329853E-02
5.944812E-03
3.536806E-03
