Un
part
1
coordinates
6.056859E-03
2.694275E-02
5.843870E-03
7.596184E-02
2.792550E-02
7.678932E-03
1.482889E-01
6.545534E-02
2.413144E-02
7.429322E-03
2.594397E-01
1.728121E-01
6.690117E-02
2.204180E-02
6.498863E-03
3.768835E-01
2.639279E-01
1.424455E-01
7.109130E-02
2.164236E-02
8.432025E-03
4.797484E-01
4.228215E-01
2.848284E-01
1.423579E-01
6.085854E-02
2.189669E-02
7.640290E-03
5.693407E-01
5.721322E-01
4.302849E-01
2.373960E-01
1.332927E-01
5.084947E-02
2.115876E-02
6.477929E-03
6.185334E-01
6.911088E-01
5.959984E-01
4.169343E-01
2.418750E-01
1.075608E-01
4.856922E-02
1.806082E-02
5.399399E-03
6.571575E-01
7.891009E-01
7.352487E-01
5.799807E-01
3.535242E-01
1.985370E-01
8.554554E-02
3.460488E-02
1.317265E-02
4.385507E-03
6.652988E-01
8.325539E-01
8.634055E-01
7.338144E-01
4.985907E-01
3.080448E-01
1.563766E-01
7.252854E-02
2.729347E-02
9.972952E-03
3.439719E-03
5.993820E-01
8.484721E-01
9.461125E-01
8.467295E-01
6.609062E-01
4.378903E-01
2.418640E-01
1.139906E-01
4.780286E-02
1.917189E-02
7.289713E-03
2.376540E-03
5.611827E-01
8.029786E-01
9.598399E-01
9.393168E-01
7.958608E-01
5.686987E-01
3.300493E-01
1.785350E-01
7.678205E-02
3.272794E-02
1.178140E-02
4.307731E-03
1.396678E-03
5.549358E-01
7.582138E-01
9.490967E-01
9.806457E-01
8.746977E-01
6.732818E-01
4.439664E-01
2.496252E-01
1.202326E-01
4.999321E-02
1.942720E-02
6.507292E-03
2.276064E-03
7.083705E-04
4.337889E-01
7.234678E-01
9.040162E-01
9.547451E-01
8.990514E-01
7.599791E-01
5.228087E-01
3.165479E-01
1.674650E-01
7.768565E-02
3.043336E-02
9.586459E-03
2.786195E-03
8.349898E-04
2.460524E-04
4.371101E-01
6.265405E-01
7.814174E-01
8.748550E-01
8.422814E-01
7.433580E-01
5.625550E-01
3.724072E-01
2.246603E-01
1.033591E-01
4.193812E-02
1.514276E-02
4.922492E-03
1.288677E-03
3.343189E-04
5.470409E-05
5.939115E-01
6.886160E-01
7.611356E-01
7.872058E-01
7.091846E-01
5.639493E-01
3.985831E-01
2.563668E-01
1.265864E-01
5.685182E-02
2.223809E-02
7.847534E-03
2.373005E-03
4.147049E-04
5.993949E-05
6.027655E-01
6.242799E-01
6.543793E-01
6.214635E-01
5.679488E-01
4.129541E-01
2.622259E-01
1.537507E-01
7.177286E-02
2.900506E-02
1.049863E-02
2.747934E-03
6.493877E-04
1.207786E-04
5.317004E-01
5.403186E-01
5.148061E-01
4.643791E-01
4.080979E-01
2.736844E-01
1.765750E-01
8.765607E-02
4.151128E-02
1.408474E-02
3.454235E-03
8.106408E-04
1.660406E-04
4.056621E-01
4.151759E-01
3.766996E-01
3.344757E-01
2.715572E-01
1.683055E-01
1.034043E-01
4.592993E-02
1.823927E-02
6.041775E-03
1.288543E-03
2.304030E-04
2.886205E-01
2.862740E-01
2.641066E-01
2.299183E-01
1.680041E-01
1.048971E-01
5.294288E-02
2.046689E-02
7.224253E-03
2.364724E-03
4.364261E-04
1.953152E-01
1.890501E-01
1.778521E-01
1.582384E-01
9.962385E-02
5.850555E-02
2.559609E-02
9.711408E-03
2.658009E-03
6.139441E-04
1.258639E-01
1.255095E-01
1.096603E-01
9.499806E-02
5.303238E-02
3.253515E-02
1.218224E-02
3.467213E-03
8.479400E-04
7.910003E-02
9.089342E-02
6.969348E-02
5.687914E-02
3.192134E-02
1.509746E-02
4.963742E-03
1.219570E-03
5.031627E-02
5.071877E-02
4.571939E-02
2.848162E-02
1.683201E-02
6.962460E-03
1.811541E-03
3.487069E-02
3.061923E-02
2.888583E-02
1.647616E-02
8.354085E-03
2.672116E-03
1.975558E-02
2.209511E-02
1.424629E-02
8.995272E-03
3.742985E-03
1.170689E-02
1.246214E-02
9.167219E-03
4.868967E-03
9.150548E-03
7.838382E-03
5.564847E-03
4.276467E-03
5.459446E-03
4.002825E-03
6.056859E-03
5.950364E-03
6.761401E-03
7.554127E-03
6.964092E-03
7.465444E-03
8.036157E-03
7.059110E-03
5.938664E-03
4.892453E-03
3.912613E-03
2.908129E-03
1.886609E-03
1.052524E-03
4.772114E-04
1.503782E-04
5.470409E-05
1.649981E-02
1.669224E-02
1.639493E-02
1.532037E-02
1.440309E-02
1.461748E-02
1.478194E-02
1.333445E-02
1.077770E-02
8.232627E-03
6.271973E-03
4.353426E-03
2.589253E-03
1.304025E-03
5.309329E-04
1.737537E-04
5.732179E-05
5.145230E-02
4.907136E-02
4.610336E-02
4.604143E-02
4.390850E-02
3.881176E-02
3.561853E-02
3.059842E-02
2.328295E-02
1.740274E-02
1.205399E-02
7.471533E-03
3.969320E-03
1.796481E-03
7.181726E-04
2.324355E-04
9.035906E-05
1.121254E-01
1.156296E-01
1.119035E-01
1.056990E-01
1.019001E-01
8.814038E-02
7.313125E-02
6.031205E-02
4.555744E-02
3.174904E-02
2.077711E-02
1.182559E-02
5.950609E-03
2.842592E-03
1.181444E-03
3.377280E-04
1.434096E-04
2.038643E-01
2.111171E-01
2.160035E-01
2.017570E-01
1.887304E-01
1.703164E-01
1.370050E-01
1.071103E-01
7.777601E-02
5.182652E-02
3.314543E-02
1.864745E-02
9.374812E-03
4.472741E-03
1.645242E-03
4.641180E-04
1.982218E-04
3.181616E-01
3.307681E-01
3.504657E-01
3.423609E-01
3.124324E-01
2.754952E-01
2.262056E-01
1.726916E-01
1.223851E-01
8.117339E-02
5.001258E-02
2.743808E-02
1.393175E-02
6.137084E-03
2.075338E-03
6.915032E-04
3.334146E-04
4.283159E-01
4.628964E-01
5.053093E-01
5.057996E-01
4.622575E-01
3.995125E-01
3.294621E-01
2.500184E-01
1.789645E-01
1.171856E-01
6.995867E-02
3.750827E-02
1.895663E-02
8.519846E-03
3.287319E-03
1.175909E-03
5.251851E-04
5.245445E-01
5.780825E-01
6.486220E-01
6.612605E-01
6.183230E-01
5.415215E-01
4.451512E-01
3.350472E-01
2.395746E-01
1.555177E-01
8.964254E-02
4.978526E-02
2.571009E-02
1.139751E-02
4.572190E-03
1.621154E-03
7.309421E-04
5.939370E-01
6.670209E-01
7.697160E-01
7.947995E-01
7.593277E-01
6.746869E-01
5.521889E-01
4.139326E-01
2.924956E-01
1.903410E-01
1.099415E-01
6.171753E-02
3.153684E-02
1.391046E-02
5.765221E-03
2.048183E-03
1.033755E-03
6.378455E-01
7.243364E-01
8.577932E-01
8.988911E-01
8.641512E-01
7.759548E-01
6.296562E-01
4.640885E-01
3.223958E-01
2.122296E-01
1.303465E-01
7.248329E-02
3.623395E-02
1.698916E-02
7.581150E-03
2.865516E-03
1.515556E-03
6.612281E-01
7.508706E-01
8.967446E-01
9.564787E-01
9.234279E-01
8.192716E-01
6.574604E-01
4.845104E-01
3.368619E-01
2.201977E-01
1.382955E-01
7.993745E-02
4.239492E-02
2.135273E-02
9.801475E-03
4.102465E-03
2.241829E-03
6.323404E-01
7.290329E-01
8.900968E-01
9.610818E-01
9.191809E-01
7.984689E-01
6.461102E-01
4.882375E-01
3.415734E-01
2.203878E-01
1.352076E-01
7.901471E-02
4.399861E-02
2.409649E-02
1.181150E-02
5.432911E-03
3.207550E-03
5.802823E-01
6.804393E-01
8.535763E-01
9.206783E-01
8.647718E-01
7.400338E-01
5.907440E-01
4.437254E-01
3.110123E-01
2.069295E-01
1.302161E-01
7.613336E-02
4.257862E-02
2.342778E-02
1.266438E-02
6.490327E-03
4.305976E-03
5.580592E-01
6.494500E-01
7.917788E-01
8.303560E-01
7.693939E-01
6.444637E-01
4.943371E-01
3.599153E-01
2.515882E-01
1.689173E-01
1.081476E-01
6.682252E-02
3.999149E-02
2.202247E-02
1.222124E-02
7.149076E-03
5.216907E-03
4.943623E-01
5.846832E-01
7.050104E-01
7.138622E-01
6.450284E-01
5.311700E-01
3.982389E-01
2.790326E-01
1.891296E-01
1.259788E-01
8.024149E-02
4.918772E-02
3.182989E-02
1.942234E-02
1.092851E-02
7.007474E-03
5.512147E-03
4.354495E-01
5.228377E-01
6.279584E-01
6.118405E-01
5.254902E-01
4.124443E-01
2.963464E-01
1.991258E-01
1.298809E-01
8.645482E-02
5.669979E-02
3.399107E-02
2.104420E-02
1.385367E-02
8.431884E-03
5.394280E-03
4.731135E-03
4.371101E-01
5.155108E-01
5.983385E-01
5.672329E-01
4.686812E-01
3.471413E-01
2.419679E-01
1.605896E-01
1.024820E-01
6.470815E-02
4.259348E-02
2.731313E-02
1.573123E-02
1.042872E-02
6.713508E-03
4.139646E-03
4.002825E-03
