Un
part
1
coordinates
5.620263E-01
3.868161E-01
5.644362E-01
2.467518E-01
3.767478E-01
5.592579E-01
1.923676E-01
2.359674E-01
4.133233E-01
5.749306E-01
1.288801E-01
1.239028E-01
2.089720E-01
4.407564E-01
5.891611E-01
1.107858E-01
7.439091E-02
9.969231E-02
1.985138E-01
4.662976E-01
6.005379E-01
8.278134E-02
3.715981E-02
5.505640E-02
1.079634E-01
2.408608E-01
5.006960E-01
6.087405E-01
6.169489E-02
2.460988E-02
4.291205E-02
7.966961E-02
1.561948E-01
3.145960E-01
5.516268E-01
6.124132E-01
5.755322E-02
1.938295E-02
3.228038E-02
6.424360E-02
1.106220E-01
2.092213E-01
3.905891E-01
6.112188E-01
6.316660E-01
4.290421E-02
1.570724E-02
2.665126E-02
5.279235E-02
1.035045E-01
1.796594E-01
3.149014E-01
5.229149E-01
6.845836E-01
6.174458E-01
3.363390E-02
1.270545E-02
1.980021E-02
4.140991E-02
7.914060E-02
1.428931E-01
2.515159E-01
4.106623E-01
6.287294E-01
7.367766E-01
5.963524E-01
3.285305E-02
1.027966E-02
1.499626E-02
3.370414E-02
6.295940E-02
1.179048E-01
2.028523E-01
3.640764E-01
5.598205E-01
7.418099E-01
7.684110E-01
5.900293E-01
2.827229E-02
7.787311E-03
1.115057E-02
2.524447E-02
4.967138E-02
9.686376E-02
1.971439E-01
3.093236E-01
5.147458E-01
6.841662E-01
8.177842E-01
7.485925E-01
5.238262E-01
2.204695E-02
6.773311E-03
7.854922E-03
1.545415E-02
3.859298E-02
8.258286E-02
1.621516E-01
2.830737E-01
4.448557E-01
6.737288E-01
8.222764E-01
8.436304E-01
6.750368E-01
4.649358E-01
2.279462E-02
5.385312E-03
5.830055E-03
1.159040E-02
3.073875E-02
6.074408E-02
1.452373E-01
2.597677E-01
3.992029E-01
6.073212E-01
7.912119E-01
8.821432E-01
7.828814E-01
5.144450E-01
3.041630E-01
2.121988E-02
4.626922E-03
3.799152E-03
6.723919E-03
1.775162E-02
4.564889E-02
1.193728E-01
2.400876E-01
3.258970E-01
5.495862E-01
7.656851E-01
8.725173E-01
8.539544E-01
6.306161E-01
3.335056E-01
7.872870E-02
4.110486E-03
3.367833E-03
3.979907E-03
1.011375E-02
3.508319E-02
8.292899E-02
1.903614E-01
3.122883E-01
4.937930E-01
6.969731E-01
8.386326E-01
8.521054E-01
7.087806E-01
3.165740E-01
8.211922E-02
2.763570E-03
2.601845E-03
5.938044E-03
1.850533E-02
4.262054E-02
1.202110E-01
2.671118E-01
4.296141E-01
6.096149E-01
7.638688E-01
8.111394E-01
6.772771E-01
3.365655E-01
8.424191E-02
2.142988E-03
2.600686E-03
9.063197E-03
2.804199E-02
7.029119E-02
1.677335E-01
3.178465E-01
4.990562E-01
6.392585E-01
7.109608E-01
6.259420E-01
3.092901E-01
8.263115E-02
1.665467E-03
3.098605E-03
1.289318E-02
3.946681E-02
1.041629E-01
2.064152E-01
3.648275E-01
5.114412E-01
6.386215E-01
5.859959E-01
3.196308E-01
6.309516E-02
1.488377E-03
3.907196E-03
1.785383E-02
5.339633E-02
1.174072E-01
2.329447E-01
3.657447E-01
4.721683E-01
4.337576E-01
2.964324E-01
6.983093E-02
1.309454E-03
4.735643E-03
2.206747E-02
7.155075E-02
1.529984E-01
2.662832E-01
3.639645E-01
3.563488E-01
2.061083E-01
6.018189E-02
1.368221E-03
6.307251E-03
2.951390E-02
7.066798E-02
1.478055E-01
2.072844E-01
2.486675E-01
1.549760E-01
4.144265E-02
1.360945E-03
8.343393E-03
2.625781E-02
7.286063E-02
1.193279E-01
1.530845E-01
1.137927E-01
3.245897E-02
1.591721E-03
8.526235E-03
2.633957E-02
5.989714E-02
8.446151E-02
7.323284E-02
2.381118E-02
1.648051E-03
7.221782E-03
2.689945E-02
3.750739E-02
4.488153E-02
1.763751E-02
1.610396E-03
6.857085E-03
1.899594E-02
2.523232E-02
1.399590E-02
1.581595E-03
6.892505E-03
1.109286E-02
1.008008E-02
1.538575E-03
5.505063E-03
7.590427E-03
1.393904E-03
4.505098E-03
1.352735E-03
5.620263E-01
5.632313E-01
5.618471E-01
5.670942E-01
5.820459E-01
5.948495E-01
6.046392E-01
6.105769E-01
6.220396E-01
6.245559E-01
6.068991E-01
5.931908E-01
5.569278E-01
4.943810E-01
3.845494E-01
1.914458E-01
7.872870E-02
4.744212E-01
4.725066E-01
4.784413E-01
4.970670E-01
5.177864E-01
5.391732E-01
5.654003E-01
5.959998E-01
6.349704E-01
6.676180E-01
6.797465E-01
6.758463E-01
6.343712E-01
5.445610E-01
4.042624E-01
1.996291E-01
8.042396E-02
3.167840E-01
3.115708E-01
3.087526E-01
3.153914E-01
3.366072E-01
3.806126E-01
4.393770E-01
5.190874E-01
6.118617E-01
6.979749E-01
7.661954E-01
7.946045E-01
7.625353E-01
6.507449E-01
4.487852E-01
2.041102E-01
8.318057E-02
2.195597E-01
1.997474E-01
1.671336E-01
1.537854E-01
1.758832E-01
2.302182E-01
3.073269E-01
4.097669E-01
5.305318E-01
6.536315E-01
7.665092E-01
8.414586E-01
8.406524E-01
7.440581E-01
4.981341E-01
2.050032E-01
8.343653E-02
1.606239E-01
1.298854E-01
8.826060E-02
8.559543E-02
1.136124E-01
1.639244E-01
2.388245E-01
3.352890E-01
4.623262E-01
6.081153E-01
7.428458E-01
8.420372E-01
8.651801E-01
7.730294E-01
5.079783E-01
1.978955E-01
7.286316E-02
1.198330E-01
8.780417E-02
5.237979E-02
6.047042E-02
8.950991E-02
1.341697E-01
1.942302E-01
2.819421E-01
4.082504E-01
5.601629E-01
7.094867E-01
8.170117E-01
8.435987E-01
7.416160E-01
4.830350E-01
1.904617E-01
6.646305E-02
9.678359E-02
6.383422E-02
3.424053E-02
4.805710E-02
7.492025E-02
1.108607E-01
1.651985E-01
2.480984E-01
3.591140E-01
5.002415E-01
6.548914E-01
7.662899E-01
7.811504E-01
6.835095E-01
4.570003E-01
1.865190E-01
6.500641E-02
7.223812E-02
4.711727E-02
2.573112E-02
3.828348E-02
5.907556E-02
8.921714E-02
1.435160E-01
2.255342E-01
3.169853E-01
4.421198E-01
5.874918E-01
6.774288E-01
6.881774E-01
5.923340E-01
3.805736E-01
1.510413E-01
5.081227E-02
5.962405E-02
3.858457E-02
2.038542E-02
3.039138E-02
4.693621E-02
7.301935E-02
1.217089E-01
2.018110E-01
2.845102E-01
3.903981E-01
5.080195E-01
5.648427E-01
5.653724E-01
4.752241E-01
2.877977E-01
1.087465E-01
3.695081E-02
5.022871E-02
3.221753E-02
1.580229E-02
2.343627E-02
3.680324E-02
5.789782E-02
1.019843E-01
1.737648E-01
2.524623E-01
3.317152E-01
4.028361E-01
4.352674E-01
4.283297E-01
3.602873E-01
2.184463E-01
8.125973E-02
2.813507E-02
3.826906E-02
2.488080E-02
1.228299E-02
1.671136E-02
2.750759E-02
4.393117E-02
7.717369E-02
1.282185E-01
1.863544E-01
2.397768E-01
2.805085E-01
3.074500E-01
3.008192E-01
2.432502E-01
1.471944E-01
5.711856E-02
2.072434E-02
3.324348E-02
2.113848E-02
9.268116E-03
1.151251E-02
1.888373E-02
3.230561E-02
5.157040E-02
7.901292E-02
1.155997E-01
1.489297E-01
1.774414E-01
2.000080E-01
1.851752E-01
1.410395E-01
8.891508E-02
3.743695E-02
1.581671E-02
3.056267E-02
1.892149E-02
7.061400E-03
7.999823E-03
1.154492E-02
2.036347E-02
3.106276E-02
4.510513E-02
6.682932E-02
8.662931E-02
1.031561E-01
1.110831E-01
9.997279E-02
7.529848E-02
4.802069E-02
2.354746E-02
1.203799E-02
2.515962E-02
1.561947E-02
5.446958E-03
5.083258E-03
6.688905E-03
1.090508E-02
1.712592E-02
2.456395E-02
3.319611E-02
4.413211E-02
4.949761E-02
4.903150E-02
4.649920E-02
3.582498E-02
2.320713E-02
1.349892E-02
8.835256E-03
2.242079E-02
1.371345E-02
4.294805E-03
3.437185E-03
3.780121E-03
5.175133E-03
7.240544E-03
9.847463E-03
1.274105E-02
1.655800E-02
1.816033E-02
1.708635E-02
1.682947E-02
1.491124E-02
1.062159E-02
7.173363E-03
6.047762E-03
2.200725E-02
1.318798E-02
3.717203E-03
2.719059E-03
2.252747E-03
2.213284E-03
2.450908E-03
2.830128E-03
3.443015E-03
4.400827E-03
5.027350E-03
4.751616E-03
4.317715E-03
4.217440E-03
3.832512E-03
3.189200E-03
2.928916E-03
2.121988E-02
1.266518E-02
3.437028E-03
2.453279E-03
1.904228E-03
1.576922E-03
1.398916E-03
1.338837E-03
1.364583E-03
1.476333E-03
1.619886E-03
1.629224E-03
1.595996E-03
1.560085E-03
1.466239E-03
1.373319E-03
1.352735E-03
