Un
part
1
coordinates
6.553552E-02
3.420583E-01
6.095712E-02
5.533001E-01
3.353670E-01
6.523358E-02
6.313923E-01
5.204641E-01
2.358163E-01
4.480184E-02
6.696382E-01
7.114494E-01
5.217164E-01
1.859958E-01
2.762959E-02
6.293627E-01
7.828446E-01
7.120795E-01
4.719562E-01
1.583772E-01
3.188518E-02
6.279833E-01
8.523408E-01
8.540701E-01
6.826962E-01
3.918987E-01
1.304553E-01
2.325646E-02
6.447956E-01
8.623855E-01
9.270659E-01
8.127002E-01
5.806817E-01
3.012646E-01
1.041824E-01
1.567233E-02
6.139483E-01
8.510091E-01
9.599039E-01
9.147393E-01
7.613781E-01
4.877363E-01
2.394503E-01
7.936669E-02
1.420579E-02
6.046848E-01
8.294455E-01
9.426228E-01
9.356819E-01
8.010724E-01
6.020413E-01
3.571072E-01
1.532116E-01
5.323708E-02
1.070631E-02
6.060457E-01
7.858075E-01
8.788027E-01
9.091643E-01
8.552585E-01
6.948272E-01
4.753626E-01
2.718421E-01
1.193004E-01
3.940916E-02
8.605005E-03
5.674265E-01
7.256659E-01
7.742929E-01
8.168608E-01
8.166807E-01
7.078500E-01
5.557837E-01
3.435709E-01
1.782419E-01
7.457783E-02
2.896747E-02
8.500106E-03
5.629453E-01
6.347694E-01
6.683415E-01
6.803572E-01
7.023581E-01
6.803781E-01
5.348314E-01
3.983582E-01
2.283118E-01
1.209591E-01
4.777391E-02
1.867520E-02
6.902976E-03
5.662750E-01
5.879323E-01
5.348352E-01
5.306080E-01
5.825977E-01
5.731292E-01
5.078013E-01
4.044811E-01
2.691467E-01
1.413521E-01
6.892689E-02
2.819636E-02
1.252924E-02
5.329228E-03
5.398481E-01
4.712676E-01
4.192092E-01
4.147926E-01
4.582592E-01
4.604861E-01
4.274214E-01
3.623531E-01
2.796008E-01
1.693489E-01
8.777772E-02
3.730140E-02
1.538640E-02
6.337985E-03
3.147727E-03
5.416659E-01
3.803199E-01
2.788791E-01
2.791483E-01
2.855860E-01
3.488821E-01
3.479944E-01
3.169076E-01
2.753352E-01
1.708568E-01
9.158291E-02
4.805284E-02
2.088330E-02
8.483223E-03
3.427714E-03
5.850569E-04
3.072172E-01
2.210656E-01
1.907995E-01
2.109769E-01
2.671345E-01
2.564490E-01
2.298614E-01
2.388245E-01
1.586619E-01
9.698310E-02
5.189574E-02
2.362503E-02
1.016490E-02
2.833974E-03
6.104878E-04
1.340586E-01
1.112702E-01
1.297251E-01
1.566691E-01
1.895114E-01
1.752872E-01
1.605048E-01
1.305952E-01
8.773277E-02
4.815030E-02
2.333400E-02
9.020705E-03
2.755591E-03
5.913705E-04
6.929012E-02
8.100195E-02
9.167294E-02
1.199158E-01
1.388334E-01
1.218637E-01
1.085458E-01
7.287605E-02
4.800245E-02
2.254326E-02
8.518331E-03
2.507500E-03
5.549703E-04
4.008070E-02
5.539393E-02
7.013003E-02
8.944147E-02
9.384297E-02
7.805026E-02
6.268498E-02
3.814356E-02
2.260159E-02
9.879131E-03
2.708532E-03
3.884642E-04
2.437245E-02
4.050178E-02
5.336994E-02
6.350821E-02
5.763840E-02
4.826512E-02
3.180061E-02
1.625813E-02
7.018678E-03
2.724436E-03
4.383251E-04
1.736199E-02
3.097162E-02
3.863653E-02
4.569466E-02
3.527422E-02
2.682025E-02
1.505004E-02
7.356719E-03
2.045981E-03
4.101775E-04
1.489564E-02
2.329091E-02
2.930106E-02
2.698488E-02
1.823586E-02
1.231321E-02
5.735341E-03
1.872067E-03
3.475146E-04
1.157993E-02
1.926325E-02
1.955814E-02
1.750115E-02
1.015222E-02
5.344268E-03
1.722361E-03
3.550716E-04
9.342839E-03
1.452882E-02
1.325524E-02
8.365942E-03
4.715649E-03
1.652233E-03
3.270503E-04
8.252969E-03
1.026340E-02
9.041345E-03
4.401236E-03
1.854260E-03
3.646717E-04
6.877135E-03
8.371898E-03
4.370974E-03
1.972971E-03
5.207520E-04
6.005941E-03
5.969266E-03
2.931836E-03
7.629023E-04
5.673686E-03
4.110964E-03
1.287710E-03
5.015810E-03
2.853456E-03
4.956296E-03
6.553552E-02
6.324632E-02
6.309535E-02
5.501771E-02
3.621572E-02
2.975738E-02
2.757082E-02
1.946440E-02
1.493906E-02
1.245605E-02
9.655658E-03
8.552555E-03
7.701541E-03
6.116102E-03
4.238478E-03
1.866392E-03
5.850569E-04
2.037969E-01
2.009795E-01
1.743435E-01
1.329619E-01
1.042011E-01
8.708681E-02
7.244485E-02
5.561948E-02
4.062047E-02
2.938958E-02
2.192199E-02
1.618695E-02
1.165188E-02
7.774856E-03
4.560664E-03
1.942746E-03
5.977723E-04
4.476792E-01
4.377974E-01
4.033409E-01
3.538712E-01
3.020570E-01
2.454990E-01
1.938382E-01
1.440528E-01
1.012789E-01
7.163111E-02
4.768209E-02
3.090324E-02
1.869680E-02
1.068421E-02
5.270724E-03
1.865887E-03
6.009292E-04
5.923462E-01
6.041515E-01
6.164274E-01
5.971121E-01
5.318082E-01
4.403953E-01
3.463896E-01
2.554028E-01
1.806490E-01
1.232698E-01
7.805943E-02
4.554964E-02
2.544187E-02
1.372946E-02
6.059421E-03
1.683976E-03
5.731704E-04
6.505152E-01
6.988311E-01
7.651109E-01
7.653865E-01
7.093641E-01
6.079593E-01
4.805618E-01
3.619707E-01
2.554917E-01
1.672162E-01
1.047539E-01
6.051471E-02
3.246564E-02
1.592349E-02
6.112173E-03
1.551631E-03
4.717173E-04
6.495004E-01
7.335466E-01
8.540803E-01
8.771439E-01
8.224725E-01
7.148297E-01
5.820037E-01
4.432689E-01
3.098469E-01
2.020399E-01
1.225154E-01
6.982730E-02
3.672690E-02
1.612452E-02
5.688767E-03
1.510705E-03
4.133947E-04
6.286730E-01
7.430181E-01
9.004240E-01
9.343478E-01
8.766880E-01
7.647520E-01
6.233231E-01
4.733636E-01
3.378967E-01
2.222383E-01
1.321929E-01
7.215301E-02
3.648083E-02
1.606868E-02
5.957607E-03
1.570367E-03
4.242513E-04
6.363894E-01
7.465434E-01
9.039803E-01
9.368432E-01
8.791963E-01
7.650418E-01
6.077152E-01
4.523667E-01
3.304426E-01
2.211137E-01
1.285586E-01
7.021715E-02
3.532440E-02
1.551067E-02
5.417056E-03
1.382027E-03
3.788461E-04
6.293720E-01
7.347996E-01
8.754700E-01
8.868627E-01
8.112660E-01
6.931365E-01
5.471825E-01
4.036209E-01
2.983551E-01
2.008542E-01
1.124665E-01
6.168871E-02
3.125143E-02
1.330878E-02
4.573361E-03
1.155159E-03
3.512931E-04
6.093165E-01
7.084715E-01
8.170871E-01
7.875784E-01
6.955434E-01
5.796428E-01
4.522578E-01
3.305462E-01
2.365246E-01
1.596176E-01
9.367550E-02
5.137630E-02
2.531309E-02
1.110006E-02
4.171622E-03
1.069138E-03
3.410610E-04
6.053652E-01
6.805510E-01
7.385269E-01
6.633999E-01
5.629555E-01
4.625563E-01
3.534529E-01
2.523980E-01
1.718793E-01
1.172411E-01
7.438653E-02
4.239274E-02
2.149603E-02
9.610716E-03
3.613551E-03
1.016579E-03
3.458610E-04
5.867361E-01
6.334769E-01
6.409030E-01
5.371443E-01
4.223114E-01
3.399655E-01
2.654943E-01
1.900202E-01
1.324568E-01
8.784884E-02
5.480700E-02
3.214886E-02
1.688038E-02
8.131336E-03
3.391603E-03
1.097979E-03
4.427118E-04
5.651859E-01
5.882684E-01
5.441865E-01
4.119963E-01
2.976259E-01
2.300916E-01
1.833077E-01
1.344255E-01
9.640651E-02
6.517106E-02
4.139804E-02
2.449903E-02
1.356379E-02
6.908761E-03
3.236029E-03
1.277721E-03
6.418272E-04
5.646101E-01
5.471050E-01
4.393220E-01
2.920090E-01
2.026625E-01
1.472610E-01
1.095970E-01
8.321430E-02
6.123904E-02
4.428512E-02
3.038469E-02
1.932485E-02
1.204092E-02
6.544874E-03
3.419254E-03
1.738855E-03
1.025306E-03
5.530615E-01
4.894276E-01
3.378830E-01
2.005036E-01
1.281992E-01
8.944848E-02
6.442467E-02
4.874334E-02
3.656725E-02
2.762294E-02
2.066282E-02
1.440140E-02
1.023297E-02
6.938371E-03
4.345760E-03
2.795991E-03
2.070583E-03
5.407570E-01
4.422628E-01
2.606653E-01
1.339211E-01
7.541074E-02
5.021226E-02
3.440754E-02
2.593276E-02
2.018453E-02
1.586923E-02
1.284697E-02
9.980580E-03
7.879593E-03
6.505198E-03
5.192432E-03
4.234132E-03
3.904876E-03
5.416659E-01
4.244416E-01
2.206379E-01
1.016743E-01
5.468541E-02
3.222657E-02
2.086722E-02
1.612882E-02
1.323779E-02
1.046139E-02
8.797904E-03
7.565052E-03
6.441538E-03
5.839814E-03
5.344748E-03
4.986053E-03
4.956296E-03
