Un
part
1
coordinates
5.808622E-01
5.945651E-01
5.764250E-01
5.607910E-01
6.091100E-01
5.894901E-01
5.127423E-01
5.827048E-01
6.672426E-01
5.902179E-01
4.207228E-01
4.479014E-01
5.986316E-01
7.079553E-01
5.697646E-01
3.854048E-01
3.454603E-01
4.718992E-01
6.591770E-01
7.391006E-01
5.993522E-01
2.993193E-01
2.147777E-01
3.044265E-01
5.057793E-01
7.294322E-01
7.885490E-01
5.605168E-01
2.310533E-01
1.376308E-01
2.061806E-01
3.725284E-01
5.960328E-01
8.007001E-01
8.122647E-01
4.989618E-01
2.139615E-01
9.758400E-02
1.338781E-01
2.449341E-01
4.157590E-01
6.781524E-01
8.558177E-01
8.125553E-01
4.829780E-01
1.568719E-01
6.520406E-02
9.447017E-02
1.764743E-01
3.353044E-01
5.430008E-01
7.803504E-01
8.991514E-01
7.936112E-01
3.966031E-01
1.210065E-01
4.736364E-02
6.560373E-02
1.266809E-01
2.360677E-01
4.010943E-01
6.367462E-01
8.379447E-01
9.111948E-01
7.544335E-01
3.072887E-01
1.167826E-01
3.489622E-02
4.593440E-02
9.039747E-02
1.598762E-01
2.725733E-01
4.838095E-01
7.348774E-01
8.860970E-01
8.762784E-01
6.651577E-01
2.615447E-01
9.820236E-02
2.306376E-02
3.370487E-02
6.168166E-02
1.055777E-01
1.862934E-01
3.569177E-01
5.818178E-01
7.966019E-01
8.673279E-01
7.642178E-01
4.924362E-01
1.620471E-01
7.390868E-02
1.819469E-02
2.361532E-02
3.665708E-02
7.252705E-02
1.281161E-01
2.441447E-01
4.256825E-01
6.604361E-01
7.852217E-01
7.810902E-01
6.075313E-01
3.173554E-01
1.042351E-01
7.668994E-02
1.314527E-02
1.722648E-02
2.574233E-02
5.013081E-02
8.117743E-02
1.711471E-01
3.074637E-01
4.868830E-01
6.755301E-01
7.314605E-01
6.234203E-01
3.798081E-01
1.381875E-01
4.309099E-02
7.064504E-02
9.649611E-03
1.112107E-02
1.552745E-02
2.489048E-02
5.382481E-02
1.162938E-01
2.362271E-01
3.406761E-01
5.237883E-01
6.173383E-01
5.985400E-01
4.375465E-01
2.050953E-01
5.592775E-02
1.120689E-02
7.922510E-03
8.731673E-03
1.043743E-02
1.534659E-02
3.600880E-02
6.822575E-02
1.377512E-01
2.835279E-01
4.037770E-01
5.015799E-01
5.249926E-01
3.995637E-01
2.326003E-01
5.674697E-02
1.162478E-02
6.662699E-03
7.140990E-03
9.102344E-03
1.683244E-02
3.274702E-02
7.684503E-02
1.707346E-01
2.898085E-01
3.685895E-01
4.007801E-01
3.441206E-01
1.929197E-01
5.913202E-02
1.306989E-02
5.671953E-03
5.937580E-03
8.435601E-03
1.813557E-02
4.103744E-02
9.037210E-02
1.732862E-01
2.542277E-01
3.000963E-01
2.688209E-01
1.670670E-01
5.586768E-02
1.340347E-02
4.756549E-03
4.641198E-03
7.902680E-03
1.967046E-02
4.946484E-02
9.279910E-02
1.604196E-01
2.015959E-01
2.283892E-01
1.583354E-01
6.022943E-02
1.160746E-02
4.105899E-03
3.677826E-03
8.364086E-03
2.227347E-02
4.597620E-02
8.802504E-02
1.279272E-01
1.394943E-01
1.017787E-01
5.561827E-02
1.277155E-02
3.166850E-03
3.075486E-03
8.317953E-03
2.568334E-02
5.146842E-02
8.458562E-02
1.037876E-01
8.247510E-02
3.840101E-02
1.158676E-02
2.704218E-03
2.822984E-03
9.403648E-03
2.149376E-02
4.248394E-02
5.516394E-02
5.585570E-02
2.963065E-02
9.007950E-03
2.362722E-03
2.896594E-03
7.331389E-03
2.047057E-02
3.129443E-02
3.610442E-02
2.299147E-02
7.730275E-03
1.793862E-03
2.464948E-03
6.693499E-03
1.538534E-02
2.049838E-02
1.623382E-02
6.014793E-03
1.556606E-03
1.765655E-03
6.523387E-03
9.216481E-03
1.059116E-02
4.463386E-03
1.395323E-03
1.503821E-03
4.312340E-03
5.987349E-03
3.519850E-03
1.109866E-03
1.385247E-03
2.303628E-03
2.284321E-03
1.018215E-03
9.783692E-04
1.447961E-03
8.837484E-04
7.022167E-04
9.021203E-04
5.808622E-01
5.786436E-01
5.829576E-01
5.898540E-01
5.799913E-01
5.845584E-01
5.799345E-01
5.297393E-01
4.909699E-01
4.397906E-01
3.519459E-01
2.844167E-01
2.117959E-01
1.331411E-01
7.366305E-02
2.714894E-02
1.120689E-02
5.877136E-01
5.902406E-01
6.105670E-01
6.387265E-01
6.517596E-01
6.741916E-01
6.901707E-01
6.710747E-01
6.470266E-01
6.069065E-01
5.308707E-01
4.316068E-01
3.083458E-01
1.804563E-01
8.536034E-02
3.046260E-02
1.141583E-02
5.776781E-01
5.867927E-01
6.144223E-01
6.582516E-01
7.089163E-01
7.644455E-01
8.143329E-01
8.449473E-01
8.541282E-01
8.338795E-01
7.650219E-01
6.323358E-01
4.492828E-01
2.601116E-01
1.139894E-01
3.434235E-02
1.234733E-02
5.367667E-01
5.260349E-01
5.252842E-01
5.588718E-01
6.226053E-01
7.010794E-01
7.787552E-01
8.433161E-01
8.835970E-01
8.852245E-01
8.222286E-01
6.940649E-01
5.120765E-01
3.137625E-01
1.383936E-01
3.558809E-02
1.323668E-02
4.667326E-01
4.317067E-01
3.924219E-01
4.136584E-01
4.725249E-01
5.582363E-01
6.595625E-01
7.474797E-01
8.138802E-01
8.338121E-01
7.912751E-01
6.836278E-01
5.147676E-01
3.156575E-01
1.351299E-01
3.500266E-02
1.250547E-02
4.030638E-01
3.415914E-01
2.677113E-01
2.820174E-01
3.421315E-01
4.237896E-01
5.161627E-01
6.093127E-01
6.934333E-01
7.294474E-01
7.023876E-01
6.180829E-01
4.668042E-01
2.759178E-01
1.190210E-01
3.511903E-02
1.218951E-02
3.423621E-01
2.592832E-01
1.731168E-01
1.903667E-01
2.481951E-01
3.112599E-01
3.785987E-01
4.620569E-01
5.387049E-01
5.866594E-01
5.795591E-01
5.111727E-01
3.846786E-01
2.345860E-01
1.103125E-01
3.505150E-02
1.217916E-02
2.651863E-01
1.913969E-01
1.158908E-01
1.328759E-01
1.747748E-01
2.137027E-01
2.649823E-01
3.335522E-01
3.901764E-01
4.387811E-01
4.494337E-01
3.927614E-01
2.995217E-01
1.893311E-01
8.853335E-02
2.865350E-02
1.029736E-02
2.225074E-01
1.519507E-01
8.071549E-02
9.428807E-02
1.206331E-01
1.449659E-01
1.824253E-01
2.397457E-01
2.919737E-01
3.294474E-01
3.291007E-01
2.811274E-01
2.173939E-01
1.380343E-01
6.307137E-02
2.119247E-02
8.369112E-03
1.854167E-01
1.208503E-01
5.602646E-02
6.590432E-02
8.254598E-02
9.684959E-02
1.241836E-01
1.653548E-01
2.070602E-01
2.293393E-01
2.194355E-01
1.860426E-01
1.432013E-01
9.540318E-02
4.773823E-02
1.659180E-02
6.872534E-03
1.389392E-01
9.003458E-02
4.047478E-02
4.449450E-02
5.524915E-02
6.441502E-02
7.988046E-02
9.977895E-02
1.189257E-01
1.317980E-01
1.286325E-01
1.152394E-01
9.286610E-02
6.272792E-02
3.279636E-02
1.242587E-02
5.239089E-03
1.188945E-01
7.393726E-02
2.882004E-02
2.992990E-02
3.435517E-02
4.121372E-02
4.770159E-02
5.471381E-02
6.442985E-02
6.965306E-02
6.956719E-02
6.664076E-02
5.338198E-02
3.576529E-02
2.085695E-02
8.702055E-03
3.991618E-03
1.074925E-01
6.406084E-02
2.052506E-02
2.052790E-02
2.037671E-02
2.326958E-02
2.593096E-02
2.789762E-02
3.311155E-02
3.584946E-02
3.615543E-02
3.397917E-02
2.740857E-02
1.909866E-02
1.157334E-02
5.595671E-03
2.902085E-03
8.605552E-02
5.086275E-02
1.492188E-02
1.357811E-02
1.260345E-02
1.242924E-02
1.282657E-02
1.351820E-02
1.465649E-02
1.641960E-02
1.597803E-02
1.399730E-02
1.226820E-02
8.859387E-03
5.454950E-03
3.005815E-03
1.866141E-03
7.529931E-02
4.334838E-02
1.066191E-02
9.357790E-03
8.154585E-03
7.029181E-03
6.164326E-03
5.755019E-03
5.645127E-03
5.860295E-03
5.524145E-03
4.563873E-03
4.121590E-03
3.431199E-03
2.244896E-03
1.358044E-03
1.075089E-03
7.366749E-02
4.122678E-02
8.241624E-03
7.051829E-03
5.876768E-03
4.860307E-03
3.897943E-03
3.156095E-03
2.741352E-03
2.469040E-03
2.178002E-03
1.795633E-03
1.443666E-03
1.254287E-03
1.066395E-03
8.666136E-04
8.021685E-04
7.064504E-02
3.928378E-02
7.292605E-03
6.167326E-03
5.214251E-03
4.431224E-03
3.636374E-03
2.935534E-03
2.533470E-03
2.078292E-03
1.675234E-03
1.475965E-03
1.252594E-03
1.064041E-03
9.509818E-04
8.929343E-04
9.021203E-04
