Un
part
1
coordinates
1.698572E-02
1.097681E-01
1.596392E-02
2.742879E-01
1.086497E-01
1.756972E-02
4.192799E-01
2.229849E-01
7.386947E-02
1.393808E-02
5.481160E-01
4.596991E-01
2.181427E-01
5.586456E-02
1.061873E-02
6.150633E-01
5.847925E-01
3.950036E-01
1.937673E-01
5.085601E-02
1.318979E-02
6.546816E-01
7.386100E-01
6.072210E-01
3.633300E-01
1.533364E-01
4.856985E-02
1.091712E-02
6.742815E-01
8.183978E-01
7.482683E-01
5.194205E-01
2.925277E-01
1.207947E-01
4.161677E-02
8.566887E-03
6.256930E-01
8.511820E-01
8.779433E-01
7.136059E-01
4.872280E-01
2.352441E-01
1.062021E-01
3.331251E-02
8.826535E-03
6.280565E-01
8.696129E-01
9.461282E-01
8.306055E-01
5.888151E-01
3.658281E-01
1.783362E-01
6.675102E-02
2.437259E-02
7.532317E-03
6.345766E-01
8.591280E-01
9.664634E-01
9.139748E-01
7.251406E-01
4.927503E-01
2.843034E-01
1.385287E-01
5.503403E-02
2.033456E-02
6.368064E-03
5.907106E-01
8.390896E-01
9.536290E-01
9.344011E-01
8.155179E-01
6.014802E-01
3.871175E-01
1.991836E-01
8.859465E-02
3.735234E-02
1.572865E-02
5.143674E-03
5.351926E-01
7.754933E-01
9.061713E-01
9.036544E-01
8.369702E-01
6.723579E-01
4.408473E-01
2.675679E-01
1.299242E-01
6.347826E-02
2.417474E-02
9.786103E-03
3.874258E-03
5.404785E-01
7.278908E-01
8.232520E-01
8.309533E-01
7.889278E-01
6.854956E-01
5.027385E-01
3.240012E-01
1.797747E-01
8.103188E-02
3.598962E-02
1.434727E-02
6.168012E-03
2.540534E-03
5.117225E-01
6.674278E-01
7.239049E-01
7.303899E-01
6.988261E-01
6.331263E-01
4.958238E-01
3.449975E-01
2.150240E-01
1.101384E-01
4.944738E-02
1.908755E-02
7.138822E-03
2.607507E-03
1.021730E-03
5.191653E-01
6.107410E-01
5.839004E-01
5.876874E-01
5.476297E-01
5.524830E-01
4.622715E-01
3.478966E-01
2.489133E-01
1.274036E-01
5.914596E-02
2.581546E-02
1.004559E-02
3.559283E-03
1.135043E-03
1.501809E-04
5.621623E-01
5.090753E-01
4.683564E-01
4.623891E-01
4.699834E-01
3.988265E-01
3.039436E-01
2.427587E-01
1.341663E-01
7.023667E-02
3.189009E-02
1.221923E-02
4.348973E-03
9.423365E-04
1.580032E-04
3.863285E-01
3.241384E-01
3.243615E-01
3.271236E-01
3.390003E-01
2.722040E-01
2.005246E-01
1.329650E-01
7.205395E-02
3.326090E-02
1.327548E-02
4.091780E-03
9.841867E-04
1.808501E-04
2.478652E-01
2.329395E-01
2.282065E-01
2.346790E-01
2.428178E-01
1.758164E-01
1.338481E-01
7.252103E-02
3.899694E-02
1.514658E-02
4.520329E-03
1.066638E-03
1.983456E-04
1.406751E-01
1.540328E-01
1.575298E-01
1.734805E-01
1.555332E-01
1.109786E-01
7.517526E-02
3.827839E-02
1.724833E-02
6.558650E-03
1.532793E-03
2.009157E-04
8.265441E-02
1.047200E-01
1.072578E-01
1.200924E-01
9.401206E-02
6.755627E-02
3.679694E-02
1.544075E-02
5.451889E-03
1.840671E-03
2.989133E-04
5.205819E-02
6.835551E-02
7.757687E-02
8.107057E-02
5.743526E-02
3.564155E-02
1.656912E-02
6.688953E-03
1.562245E-03
3.251850E-04
3.683400E-02
4.568615E-02
5.419794E-02
4.702239E-02
3.078944E-02
1.781193E-02
6.898012E-03
1.904919E-03
3.518624E-04
2.333380E-02
3.707163E-02
3.483999E-02
3.174341E-02
1.767736E-02
7.838754E-03
2.486573E-03
4.895289E-04
1.696995E-02
2.565028E-02
2.332901E-02
1.620003E-02
8.575455E-03
2.934666E-03
6.309918E-04
1.408463E-02
1.609531E-02
1.648152E-02
9.465403E-03
3.704813E-03
8.815787E-04
1.018922E-02
1.238334E-02
9.073936E-03
4.753929E-03
1.350227E-03
6.795057E-03
9.029964E-03
6.329818E-03
2.264553E-03
5.893349E-03
6.678322E-03
3.564918E-03
4.842285E-03
5.184114E-03
4.729499E-03
1.698572E-02
1.647482E-02
1.676682E-02
1.575390E-02
1.227841E-02
1.190426E-02
1.205345E-02
9.742004E-03
8.696711E-03
8.179426E-03
6.950190E-03
5.755869E-03
4.508966E-03
3.207396E-03
1.781132E-03
5.859557E-04
1.501809E-04
6.337690E-02
6.284185E-02
5.401319E-02
4.031046E-02
3.281935E-02
3.080859E-02
2.857338E-02
2.360332E-02
1.876963E-02
1.526650E-02
1.249090E-02
9.256622E-03
6.243012E-03
3.797578E-03
1.826204E-03
6.162395E-04
1.540921E-04
1.920280E-01
1.789226E-01
1.559117E-01
1.354110E-01
1.134561E-01
9.338922E-02
7.929585E-02
6.197061E-02
4.486754E-02
3.427338E-02
2.439757E-02
1.600919E-02
9.360053E-03
4.868406E-03
2.061043E-03
6.040583E-04
1.694266E-04
3.467839E-01
3.440629E-01
3.239576E-01
2.925609E-01
2.507404E-01
2.004757E-01
1.601443E-01
1.224545E-01
8.722711E-02
6.111482E-02
4.024874E-02
2.339980E-02
1.265481E-02
6.273166E-03
2.458695E-03
5.764297E-04
1.895978E-04
4.836979E-01
5.029719E-01
5.116791E-01
4.712438E-01
4.156266E-01
3.452070E-01
2.659279E-01
2.000880E-01
1.390578E-01
9.075725E-02
5.748678E-02
3.258500E-02
1.679196E-02
7.676393E-03
2.622895E-03
6.125215E-04
1.996306E-04
5.815896E-01
6.216455E-01
6.697230E-01
6.471289E-01
5.772674E-01
4.836554E-01
3.824998E-01
2.845431E-01
1.941126E-01
1.252173E-01
7.494090E-02
4.157472E-02
2.080007E-02
8.526706E-03
2.802885E-03
7.748150E-04
2.499145E-04
6.348725E-01
7.066882E-01
7.958049E-01
7.926058E-01
7.145418E-01
6.020465E-01
4.805488E-01
3.548835E-01
2.465919E-01
1.580852E-01
9.173115E-02
4.863340E-02
2.339326E-02
9.875261E-03
3.613111E-03
9.993906E-04
3.120491E-04
6.644816E-01
7.496357E-01
8.734128E-01
8.921630E-01
8.213097E-01
7.036241E-01
5.543560E-01
4.031461E-01
2.832340E-01
1.813768E-01
1.009651E-01
5.363712E-02
2.616319E-02
1.110136E-02
3.853364E-03
1.019991E-03
3.385237E-04
6.499873E-01
7.551923E-01
9.083466E-01
9.402419E-01
8.752160E-01
7.525854E-01
5.891040E-01
4.228641E-01
2.961415E-01
1.897008E-01
1.029266E-01
5.546258E-02
2.749110E-02
1.120748E-02
3.902002E-03
1.077139E-03
4.206956E-04
6.268748E-01
7.456226E-01
9.122083E-01
9.395370E-01
8.659884E-01
7.361300E-01
5.691793E-01
4.024839E-01
2.737809E-01
1.775241E-01
1.036273E-01
5.569291E-02
2.677130E-02
1.139921E-02
4.494614E-03
1.378003E-03
5.602604E-04
6.313166E-01
7.402127E-01
8.895045E-01
8.986020E-01
8.055904E-01
6.683408E-01
5.116768E-01
3.593114E-01
2.381222E-01
1.552919E-01
9.688954E-02
5.379250E-02
2.670489E-02
1.227946E-02
5.039501E-03
1.733452E-03
7.562853E-04
6.126436E-01
7.099676E-01
8.360016E-01
8.226916E-01
7.019497E-01
5.672305E-01
4.400733E-01
3.132121E-01
2.115928E-01
1.340851E-01
8.249554E-02
4.785563E-02
2.548007E-02
1.297588E-02
5.763422E-03
2.217821E-03
1.115903E-03
5.629516E-01
6.573218E-01
7.626353E-01
7.163085E-01
5.820240E-01
4.517814E-01
3.426966E-01
2.474944E-01
1.729810E-01
1.126771E-01
6.988507E-02
4.174762E-02
2.410256E-02
1.297956E-02
6.624900E-03
3.018381E-03
1.807390E-03
5.378355E-01
6.177474E-01
6.757810E-01
5.909623E-01
4.606986E-01
3.355202E-01
2.368847E-01
1.682368E-01
1.196019E-01
8.323444E-02
5.428272E-02
3.423370E-02
2.193849E-02
1.280522E-02
7.405772E-03
4.228305E-03
2.914736E-03
5.261005E-01
5.825925E-01
5.927861E-01
4.713676E-01
3.374489E-01
2.348851E-01
1.611223E-01
1.094658E-01
7.471908E-02
5.363315E-02
3.793996E-02
2.497865E-02
1.707230E-02
1.174219E-02
7.778010E-03
5.439293E-03
4.374516E-03
5.154439E-01
5.509478E-01
5.170768E-01
3.668518E-01
2.364045E-01
1.525754E-01
9.836635E-02
6.549193E-02
4.355237E-02
3.076538E-02
2.344412E-02
1.650486E-02
1.136573E-02
8.525427E-03
6.610980E-03
5.358555E-03
4.956806E-03
5.191653E-01
5.406638E-01
4.742454E-01
3.170968E-01
1.942701E-01
1.116647E-01
6.735630E-02
4.444609E-02
3.008390E-02
2.015188E-02
1.552729E-02
1.213692E-02
8.492136E-03
6.344203E-03
5.367817E-03
4.785892E-03
4.729499E-03
